1000 1000
36134 57223 78555 74560 89594 55473 59816 57230 72116 63441 90838 3139 19681 82449 67246 306 72353 1276 94676 43549 67472 45872 76165 92532 55916 7676 23481 84161 75333 83248 47160 93219 76335 89574 10551 94684 32954 77337 66088 52553 62905 18365 88607 38327 12156 10402 60981 74976 38004 27695 67114 75058 61083 25197 62591 67956 17279 66791 89410 71881 78588 43707 65043 9974 86922 89619 47972 68628 86506 34444 68771 78792 65244 5425 96526 8627 39849 96096 17256 79052 26688 48635 31621 99044 98273 50816 55641 26851 29694 5113 29642 1864 79427 90423 43318 77016 16530 59841 3846 34968 88356 24283 11806 54428 12457 88709 4661 71186 46612 49014 59159 84306 16887 13229 20278 83592 94625 32183 35930 53985 8235 26552 93079 99389 61638 78696 91306 32155 77736 2797 27334 98625 60066 30710 97668 35778 13304 59650 85027 99633 89806 33480 98703 53711 47219 32598 85604 68813 64449 23649 9868 3070 8410 25169 17068 20124 39146 37180 21530 15004 43659 70603 90328 45675 83801 6070 48650 65727 54687 34205 46122 27608 36738 93430 46184 11028 90185 88543 5728 54694 86139 84373 38846 811 94065 774 53534 51870 87307 76352 93620 60333 29230 28628 37315 8647 31325 91929 15921 12105 3474 97420 55856 8881 20923 75056 92825 34382 42406 45423 6597 78801 87219 21983 40280 10515 72943 29094 87277 32861 86984 58413 30751 83361 42332 13877 37132 52312 80307 51884 81605 80023 51196 40188 83537 62263 2324 81796 67588 2164 57292 7454 77047 47666 28386 34036 66945 85754 57450 40179 82163 38826 51030 18335 89129 90170 67447 193 71543 41046 23568 33816 87727 36176 76517 86730 39552 31429 86419 76941 20120 89811 29619 32643 6893 80237 1038 66726 82228 19382 54419 57481 11783 29610 74779 16960 95944 65864 74636 28757 4121 85517 44866 68686 32843 83849 24219 44158 84340 51284 72938 9946 81999 81705 80769 40586 24943 56912 40703 60985 74104 31435 12148 24314 42011 41141 35199 6857 67162 60047 87032 34543 85149 58863 56562 39057 79050 66169 26792 37743 12024 34813 18192 39822 68430 47723 20431 97985 83178 65402 43886 62370 80125 1220 79280 66817 79884 26234 68219 54598 76173 97446 66076 72109 39211 84091 89590 76020 23291 93479 99461 2712 76460 50934 10343 26940 91853 22309 61469 81418 17915 10114 22666 74588 98650 28793 12081 95791 79386 71785 86741 35581 76063 26783 80291 86847 17645 18212 9161 64300 39380 75805 14162 79076 81413 52964 74395 77440 91163 72135 69627 76607 17132 95484 39537 3973 40706 18873 6608 48611 3408 9709 2172 15301 86463 73881 99459 60914 23904 31904 36377 55002 15070 49879 88723 70599 95438 34429 76309 7004 95518 69260 39171 72231 17157 61643 17076 24665 53109 36859 69169 97403 84615 22441 31623 97808 26217 34960 95267 76728 78289 33760 10898 50823 67228 12173 37337 1126 86028 26937 16169 13606 2246 4254 89680 4089 45281 43425 48567 57184 5451 60480 72370 67067 73703 76027 43316 64076 48895 16622 34717 70995 90154 12077 29174 27860 64202 34828 62717 93250 20599 54990 81251 9708 9690 22459 38621 61394 68021 37633 31194 77059 23748 72382 31514 25840 54611 3425 44492 73283 98750 96812 848 31158 33641 66081 45834 37231 54902 39052 66151 12765 85661 80061 58868 75105 86499 56846 53695 12076 6472 51901 40198 13836 77285 45187 41016 21835 65597 14749 21413 31070 91990 98854 54272 58554 5812 42725 88000 30697 29342 38057 11865 97923 61816 32994 94446 97949 50840 53506 28149 42471 42991 11927 75338 16835 99766 9717 65322 20987 80088 6217 81379 32366 68698 5268 78768 34969 99477 66829 46362 25588 5058 67445 92274 19422 13484 29515 84662 63980 41756 44676 91008 5102 46575 49295 67244 2723 66419 50914 11306 77268 42570 18732 4406 89357 79784 41571 31251 48358 87593 70144 44015 36995 40939 27903 17252 83289 23042 23434 71941 62892 95626 83192 79359 92757 4705 17526 26105 51548 67373 9925 93525 58297 97084 49051 16719 27440 81752 80499 88623 16136 96457 81983 41084 20175 59541 82154 66393 37321 88231 39647 4966 60019 63688 10599 42614 60796 15083 71538 97392 88490 41374 38422 86742 55673 85942 46952 2336 90297 33597 98149 24985 75591 37221 85267 21474 78776 88641 39814 36019 47439 32127 91635 1219 43494 8198 96935 66691 18413 59690 47939 31083 34508 41092 77989 97674 77377 27937 34863 13049 12811 50851 90424 67772 68010 36141 61373 98246 6525 52551 76729 13370 16173 24673 3292 76485 57053 84402 13530 66724 72564 7146 2746 59247 20171 89716 27088 8420 29900 77691 97091 54507 13240 40085 39627 67489 23131 56556 32287 93553 34065 64229 709 70375 63160 95769 86539 85631 94432 69336 5197 48906 67551 37788 44913 27181 35893 23729 46777 19818 82975 31961 49641 10166 7155 46775 44070 37974 49311 581 85248 27043 28533 99838 81928 97140 74524 47210 42210 56266 51928 54379 61503 46752 4437 72118 55362 64793 10663 84955 71440 21625 17589 80867 87046 59180 96472 3715 11775 2288 60705 88195 19476 35191 44431 48080 6693 78993 70525 31792 293 65256 17746 33581 80350 86443 32072 28399 93944 70993 87401 20721 66337 74717 42008 57625 89062 60566 32883 95654 92299 65654 29850 60000 4620 83825 42012 61433 35336 16441 17587 10871 74708 91283 49791 68350 34656 76262 73458 97393 62443 66536 55421 23806 10020 93585 74428 52496 25572 77226 31585 95057 12107 89409 2284 88299 20576 30702 16092 98742 76176 45090 82107 84499 1123 32062 2400 80922 27012 88436 81138 29339 37892 9075 71553 25080 70750 71210 8972 741 73792 14903 69675 36542 78736 65181 68224 31859 99073 66692 59603 26116 20691 39107 86135 43193 15541 90291 62477 35256 42098 66936 89989 3398 95329 32689 18221 15045 51314 14421 58521 88970 17479 50323 72338 43103 54484 60470 251 57515 95866 71411 51619 3345 95547 41248 32788 63759 14177 1020 69463 6286 99979 522 27622 58712 78012 96057 31299 26591 49541 63790 81281 89016 7196 51110 56796 252 19466 36515 79143 55629 35920 47976 2986 7393 86377 69445 16709 55334 21336 33969 15267 6080 88887 68502 63211 9304 1826 78043 14738 29338 37135 22359 95504 36056 47261 38589 48485 93814 48411 68035 77009 65890 84159 25878 35238 93371 98695
1 2
1 32
1 100
1 172
2 3
2 5
2 15
2 21
2 40
2 44
2 51
2 95
2 103
2 135
2 235
3 4
3 6
3 12
3 109
3 406
3 686
3 904
4 13
4 24
4 150
4 165
4 340
4 673
5 9
5 16
5 31
5 42
5 180
6 7
6 10
6 58
6 121
6 148
7 8
7 119
7 122
7 278
7 367
7 550
7 554
7 584
7 596
8 30
8 822
9 20
9 23
9 141
9 153
9 185
9 633
9 950
10 11
10 14
10 22
10 68
10 108
10 143
10 459
10 844
11 25
11 28
11 288
12 39
12 52
12 75
12 464
13 17
13 369
14 45
14 93
14 169
14 528
15 19
15 33
15 48
15 76
15 107
15 678
16 18
16 37
16 92
17 46
17 132
17 418
17 456
17 580
18 78
18 79
19 61
19 620
19 938
20 59
20 88
20 236
21 110
21 401
21 417
21 614
21 889
22 41
22 113
22 252
22 273
22 326
22 379
23 27
24 26
24 34
24 49
24 99
24 168
24 209
24 212
24 217
24 245
24 453
24 603
25 83
25 183
25 199
25 300
25 546
25 708
27 55
27 138
27 303
27 396
27 437
28 29
28 38
28 47
28 56
28 238
28 487
29 89
29 98
30 73
30 361
30 425
31 66
31 114
31 285
31 707
32 35
32 36
32 62
32 64
32 672
33 499
33 680
34 43
34 72
34 215
35 50
35 244
35 281
35 376
35 491
35 797
36 53
36 152
36 617
37 267
37 468
37 574
38 71
38 96
38 292
38 753
39 124
39 190
39 320
40 102
40 173
41 309
41 334
41 345
42 940
43 63
43 335
44 80
44 118
44 662
45 60
45 74
45 312
46 54
46 900
47 87
47 130
47 415
48 94
48 151
48 503
50 162
51 131
51 346
51 563
51 903
52 57
52 155
52 814
53 429
53 582
53 585
55 478
55 726
56 65
56 86
56 166
56 272
57 84
57 380
57 663
57 782
58 654
59 167
60 77
60 146
60 160
60 958
61 67
61 112
61 323
62 195
62 624
63 104
63 187
63 203
63 383
65 69
65 249
65 350
66 106
66 145
66 277
66 284
66 732
66 781
66 874
67 427
67 457
67 641
68 70
68 175
68 225
69 82
69 115
69 237
70 137
70 280
70 377
71 358
71 461
72 179
72 188
72 502
72 514
73 176
73 322
73 364
73 393
74 111
74 134
74 586
75 97
75 258
75 441
75 556
76 91
76 128
76 434
77 126
77 163
77 443
78 85
78 257
78 967
79 81
79 90
79 339
79 511
79 539
79 682
80 222
80 342
80 411
80 798
81 117
81 274
82 101
82 139
82 523
83 116
83 120
83 363
84 129
84 382
84 914
85 860
86 282
86 842
86 863
87 348
87 357
87 467
87 557
88 105
88 144
88 158
88 255
88 431
88 470
89 123
89 149
89 186
89 754
90 182
90 229
90 505
92 191
92 807
93 196
94 315
94 506
94 698
95 298
95 371
95 404
95 551
97 194
97 313
97 949
99 409
100 136
100 206
100 302
102 301
102 534
104 208
104 316
104 389
106 299
107 197
107 205
107 262
107 265
107 333
108 140
108 370
108 480
108 642
109 240
109 421
109 486
109 972
110 848
111 154
111 174
111 181
112 171
112 479
113 125
113 157
113 721
114 388
114 390
114 702
114 784
115 127
115 156
115 319
115 915
116 430
117 133
117 391
118 189
118 786
119 193
119 608
120 248
122 466
123 352
124 211
124 216
124 385
125 275
125 520
126 219
126 356
126 381
128 207
128 359
129 600
130 200
130 536
130 774
131 344
132 204
132 297
132 677
134 384
135 142
135 147
135 201
135 410
135 436
135 594
135 767
136 220
136 311
137 518
138 634
138 694
139 516
140 270
140 902
141 756
141 897
142 375
143 159
143 293
143 537
143 856
143 877
144 198
144 490
145 170
145 224
145 246
145 433
145 476
146 354
147 317
147 321
147 454
148 450
148 492
150 759
151 256
151 289
152 684
153 366
153 400
153 426
154 951
155 164
155 498
155 545
155 981
156 263
157 213
157 329
158 331
158 745
159 161
160 328
161 460
162 572
163 243
163 660
163 890
164 553
164 764
165 177
165 214
165 403
165 566
168 223
169 866
170 372
172 260
172 668
172 747
172 939
173 271
173 841
174 749
175 327
175 688
177 178
177 692
178 269
178 422
179 192
179 578
179 932
180 681
181 231
181 247
181 547
181 859
182 250
183 184
184 362
184 985
185 202
185 228
186 239
187 857
188 355
188 979
190 227
190 933
190 944
192 233
192 373
192 493
193 755
194 867
195 218
195 579
195 885
195 907
198 287
198 564
199 266
199 397
200 720
201 524
201 803
202 221
202 544
202 917
203 226
203 261
203 531
204 527
205 210
205 286
205 452
206 693
206 783
208 423
209 618
210 259
210 402
210 703
211 308
211 827
214 268
214 399
215 283
215 609
216 230
217 264
217 561
217 606
218 395
218 776
218 824
219 241
220 743
221 424
221 601
222 232
222 234
223 253
223 378
223 602
223 1000
225 892
226 519
227 307
228 718
229 665
229 714
232 435
233 254
235 964
236 251
238 510
239 242
239 324
239 560
239 685
239 801
242 337
242 968
246 806
247 635
248 447
248 509
249 330
250 836
251 649
254 847
255 508
255 587
256 858
257 304
257 310
257 416
257 640
257 733
259 808
260 279
260 775
261 294
261 689
261 886
262 982
263 398
263 731
264 926
265 347
265 583
266 942
267 276
267 513
268 695
271 439
272 697
272 879
273 884
273 984
274 931
276 530
277 485
279 291
279 623
282 987
283 295
283 341
283 469
283 482
283 924
285 696
286 290
286 325
287 351
288 408
289 296
291 592
293 332
293 462
294 374
295 318
295 542
297 306
300 349
300 458
301 305
301 655
302 440
303 394
306 392
307 829
309 725
309 730
310 368
310 420
311 477
312 314
314 413
315 517
316 360
318 896
319 565
319 894
321 576
323 365
323 412
323 481
323 573
323 704
323 758
324 336
324 483
324 766
325 386
325 621
325 751
326 455
327 343
328 512
330 444
331 338
331 353
331 656
333 852
334 494
335 613
337 562
337 568
338 387
339 906
340 484
341 909
342 549
342 941
343 719
343 948
344 650
345 475
345 790
346 631
346 869
347 521
349 813
350 414
350 525
350 612
350 853
352 473
358 818
358 973
359 638
360 463
360 765
363 652
364 535
366 496
367 501
368 515
368 957
369 405
369 448
369 465
370 529
370 820
371 683
372 724
373 862
373 876
375 630
375 701
375 935
376 504
377 956
378 445
382 500
382 659
383 629
386 960
387 449
388 407
392 850
393 736
395 428
395 471
395 739
395 839
400 419
400 446
401 533
402 604
403 709
405 750
409 532
409 639
409 664
409 986
412 495
413 432
413 785
416 713
417 540
417 666
417 795
417 878
419 543
420 734
421 625
422 472
425 761
428 507
428 598
429 442
429 770
432 451
432 929
433 918
434 980
435 438
436 570
436 644
436 934
437 599
437 927
437 971
438 648
438 830
439 559
439 595
442 671
443 804
444 921
444 970
445 522
451 742
451 881
452 588
453 548
455 593
456 891
457 769
458 832
459 851
459 893
460 762
464 619
464 815
465 591
465 615
466 474
466 628
470 716
471 835
472 651
473 737
475 854
476 690
477 828
478 589
479 988
480 699
481 569
481 837
482 675
483 488
483 489
484 744
487 712
487 773
489 700
489 735
490 622
491 727
493 978
495 611
496 497
497 636
498 632
499 555
502 610
502 809
504 996
506 567
506 793
507 526
507 667
508 581
508 728
508 865
509 669
511 779
512 541
515 943
516 873
518 616
519 637
520 626
522 558
522 920
524 552
524 577
525 590
527 792
528 710
531 711
533 788
533 823
534 627
534 965
535 723
536 538
536 607
536 748
539 643
543 976
544 930
545 705
545 715
546 947
548 657
548 717
550 575
554 962
555 796
555 826
557 661
561 983
564 752
566 571
568 990
570 789
573 864
575 729
575 819
576 994
578 646
579 966
582 597
585 791
587 722
591 738
594 799
595 905
597 763
599 868
600 605
606 647
606 838
610 771
613 653
613 805
615 975
616 800
618 691
621 840
622 787
623 658
626 812
628 679
628 816
629 760
632 645
632 912
632 923
633 670
637 946
640 676
640 922
641 911
647 875
651 802
652 908
654 831
665 899
671 674
672 882
673 925
676 995
680 687
680 740
681 969
682 811
684 849
684 936
686 706
688 777
689 780
695 768
698 998
700 913
705 834
705 855
713 945
714 843
714 846
720 821
723 898
726 741
726 746
728 778
730 833
742 977
749 883
750 757
757 772
758 989
769 952
773 916
774 888
779 887
783 794
783 871
783 880
788 861
788 955
791 961
798 870
799 825
807 810
808 817
810 993
815 872
832 845
840 959
856 901
862 910
865 937
868 895
871 997
887 954
888 928
894 953
894 963
895 919
896 991
896 999
944 992
959 974
2 457 34163
1 930
3 832 52737
3 866 63372
2 46 94582
3 423 97689
3 375 9340
3 370 25015
2 556 1202
2 531 19713
2 893 25020
2 928 90336
3 809 97456
1 856
3 976 97447
2 575 62628
3 669 65303
1 32
2 116 19454
3 954 36696
2 753 97043
2 21 2625
3 992 28798
3 270 48041
2 348 63897
2 76 73569
3 706 5719
2 377 3209
2 387 31376
2 790 52830
3 185 30683
1 809
2 394 65612
1 473
2 488 2612
3 42 83679
2 467 18417
3 524 17670
1 259
3 618 97606
2 395 917
3 491 87613
1 406
2 159 32582
2 90 66485
2 907 73919
2 393 13767
2 650 96207
2 321 87701
2 501 80551
3 392 1500
3 218 78323
2 250 59802
3 843 6938
3 63 16042
2 328 68196
3 809 6550
3 913 76343
3 594 33745
3 305 93973
1 870
1 303
1 168
1 899
3 697 16636
3 153 92541
2 272 35535
2 978 90482
1 157
2 497 32891
2 252 94679
3 988 73608
1 347
2 122 14355
1 689
3 383 2834
1 518
2 19 68342
1 488
1 532
1 442
1 279
1 201
3 382 36852
2 313 52936
2 351 14494
1 920
3 264 59342
3 874 23274
1 402
1 877
1 877
2 117 13679
2 879 12864
3 200 92755
1 616
2 899 19210
3 408 67183
3 630 13052
2 645 74508
2 607 84953
1 930
2 443 51269
1 919
2 556 76903
3 646 24536
3 149 22538
2 438 21752
3 776 2144
3 859 76735
2 321 84724
3 963 22267
3 895 42451
1 83
1 85
3 436 40380
1 259
3 968 417
2 391 29285
1 7
2 600 71276
3 199 73284
3 822 89222
3 30 14220
1 466
3 692 97450
1 591
2 203 83416
2 815 90069
1 87
1 252
2 182 25474
1 463
2 946 83720
2 604 45352
2 129 49129
2 107 71527
3 196 1738
2 240 18737
2 141 62275
3 611 41298
3 707 92978
1 278
2 229 81083
1 837
2 741 68475
3 185 60419
3 47 70342
2 603 80223
2 981 56471
3 11 9329
1 694
1 679
1 242
3 512 25111
1 20
2 321 41524
1 589
2 746 1279
1 75
2 285 43448
3 959 10257
2 931 88829
3 192 52191
3 270 4508
3 284 67256
3 957 65404
2 274 60400
2 330 5025
1 498
2 206 14954
3 430 67075
3 632 94207
3 915 97428
1 496
1 670
1 984
1 869
1 972
1 697
1 49
3 372 21513
2 340 2032
2 384 17148
2 535 4397
2 462 8788
1 830
2 823 61324
1 525
2 346 52929
2 471 96472
1 464
1 522
2 795 72496
1 910
1 681
1 734
2 832 88568
1 304
2 498 29234
2 312 10816
3 456 5343
3 378 75705
2 319 34654
1 732
3 218 66279
3 785 46315
3 396 50300
1 492
3 30 71463
2 405 20931
1 701
1 861
1 142
1 675
3 61 57029
3 922 22026
3 811 14931
1 787
2 62 26948
2 821 5716
2 880 88539
1 837
3 485 59981
2 223 78895
1 611
3 534 69466
2 562 81442
1 457
3 811 51112
3 982 79962
2 970 8468
1 541
1 786
3 467 88541
1 643
1 727
3 414 52217
2 997 78735
2 59 30315
1 530
1 354
2 33 6636
2 178 9208
2 55 79832
2 525 27623
2 481 98288
1 518
2 66 34192
1 179
3 394 30259
1 764
2 16 77259
2 962 50829
3 230 44028
3 398 68854
1 809
2 45 11457
1 766
3 976 62314
2 292 90900
2 776 72967
2 30 33654
3 937 20191
1 183
2 444 13204
1 974
3 504 41285
3 402 29736
3 50 26546
2 835 99447
2 527 88825
2 620 41932
3 264 89560
2 979 18739
1 443
3 839 86412
3 195 26153
3 227 86880
3 169 71462
2 402 47451
3 922 65781
1 995
3 964 46659
3 672 5338
3 903 78913
3 889 77285
2 782 16106
2 134 83412
1 243
2 546 42500
3 120 81577
3 429 38148
1 245
2 53 90966
1 720
3 392 1123
3 901 94101
2 846 8974
1 368
1 671
1 541
2 127 50644
1 936
1 677
3 814 73634
1 911
2 764 99186
2 557 41470
3 28 11009
2 118 1484
3 528 87043
3 875 23005
2 344 30546
1 779
3 966 65855
1 791
2 128 65663
2 138 9858
3 270 31230
3 281 48963
3 720 43888
2 423 32854
3 817 10401
2 255 74205
3 169 30967
1 508
1 548
3 990 25027
3 116 42170
2 886 37590
2 765 2773
3 153 33339
3 489 92905
1 567
2 466 65578
2 587 79783
3 285 81783
3 349 16752
3 955 48960
1 105
3 203 40620
3 719 21644
3 673 48762
3 75 13630
2 230 83923
1 994
1 815
3 868 14760
3 966 60
1 99
3 269 423
2 893 57188
3 235 97405
3 718 30290
3 760 95631
1 881
3 437 88912
1 482
2 165 68162
2 51 6354
3 576 20452
2 507 55701
3 756 96296
1 622
2 652 66174
2 985 44114
2 526 70389
2 63 79224
2 270 4450
1 478
3 608 74326
3 567 91168
1 836
3 114 46341
1 752
1 346
1 568
2 246 30236
2 408 9224
1 177
2 970 52803
3 801 57409
3 461 26923
1 170
2 557 60502
3 279 54521
3 83 24391
2 635 94261
2 9 34039
1 584
2 203 8524
1 573
3 107 96219
1 382
2 813 9249
2 498 27586
1 820
3 894 91763
1 745
3 449 70061
3 775 93136
1 186
2 354 94843
1 191
3 639 10869
3 939 95854
2 128 76911
3 272 37103
2 580 72643
2 260 83452
3 30 77102
3 153 10186
1 84
3 819 9661
1 839
1 999
1 450
1 285
2 24 1115
2 15 30827
3 785 74170
3 792 87174
2 30 5309
1 917
3 751 37118
2 568 28147
3 552 68625
2 343 56889
1 179
3 643 31430
2 837 53215
1 979
1 31
1 175
1 294
1 600
2 274 97918
1 809
3 398 13356
3 497 28260
2 897 61945
2 300 42710
2 768 85077
1 852
3 911 53920
3 641 7529
1 72
1 736
3 832 50357
3 838 41884
3 534 8259
3 141 93149
3 122 38999
3 99 97674
3 31 73500
1 909
2 79 23098
3 133 19754
1 867
2 662 89498
1 67
3 594 89359
2 912 48646
3 298 21905
2 547 23525
2 168 74328
1 177
3 632 64951
2 188 75943
1 786
3 612 18699
2 958 89046
3 775 72816
2 677 28154
3 125 76238
3 25 69386
2 542 80173
2 120 38728
2 413 66947
2 476 85930
3 157 24757
1 99
3 852 39424
1 407
3 456 5693
2 945 38730
2 181 2072
3 691 32317
2 349 85847
2 426 49729
1 30
1 665
3 98 72758
1 586
1 584
3 518 30642
1 201
2 247 95933
3 117 10887
2 825 4427
2 783 92329
2 246 676
1 748
3 872 6236
2 796 50789
2 905 88879
1 386
1 277
3 941 40471
3 766 10545
3 391 18720
1 425
2 804 9414
3 741 83090
3 911 76527
2 444 76118
3 842 27585
2 371 54195
1 692
3 523 3187
3 125 80998
1 998
3 536 62443
1 420
3 40 81717
1 336
3 592 70161
2 633 75125
1 804
2 66 24369
2 286 22339
2 253 65818
1 180
3 880 98477
3 523 12938
2 942 75870
1 701
1 291
3 742 48577
1 415
2 311 94485
2 281 69842
1 664
3 647 52615
1 13
1 41
3 376 32923
1 966
3 52 53237
3 377 2295
3 270 21898
3 5 60604
2 18 38472
2 951 10967
1 600
2 402 29348
3 781 3011
1 322
3 23 84832
2 305 30181
3 225 71680
1 259
1 83
2 647 71526
1 731
3 228 92511
3 669 15638
2 924 45902
3 986 29386
3 568 75856
1 911
2 379 9012
3 860 69117
3 477 66215
1 978
2 736 81385
3 619 42097
3 170 8310
1 115
3 904 11017
1 322
2 784 58122
1 817
3 329 40869
2 719 46125
1 106
3 569 31748
3 773 9497
2 568 34397
1 470
2 220 86163
3 774 59164
1 644
2 720 94598
3 683 69633
2 414 47006
3 871 87764
3 295 37821
1 655
2 505 88369
3 63 36476
3 646 60763
1 109
2 899 23718
2 517 14644
1 367
3 866 89627
1 273
3 706 22677
2 675 6571
2 719 14276
1 605
3 333 16623
2 728 69380
2 250 537
1 567
2 765 20073
3 657 34261
3 397 81061
2 269 23475
1 932
2 877 59892
3 77 31869
2 5 99280
1 45
1 428
3 151 76370
3 429 24772
3 689 42859
1 916
1 985
2 9 58504
3 423 33654
1 961
3 613 48930
2 712 65151
3 897 2053
2 262 65258
3 565 8746
2 179 84166
2 465 68154
2 454 38362
1 98
3 519 91071
1 723
1 71
3 392 44809
1 195
2 997 67885
1 135
3 26 21587
3 488 84620
2 103 13257
1 822
3 159 66338
1 164
1 327
1 691
3 652 2251
1 500
3 565 83077
3 620 68517
3 527 58751
1 801
3 394 22965
1 866
2 408 51568
2 703 45950
3 379 88458
2 758 41661
3 285 82609
1 470
3 587 21535
1 573
3 721 54312
1 881
2 273 28177
3 267 58435
1 944
3 970 594
2 106 32981
3 885 27792
2 592 11456
3 953 69208
3 954 51026
1 258
1 270
2 816 8751
3 359 90106
3 799 16153
2 283 44922
1 817
1 158
3 821 11709
3 642 61528
1 520
3 152 182
2 969 81469
2 723 55529
3 895 88191
1 66
3 86 23874
3 467 40731
2 293 35460
2 325 48586
1 888
3 333 16657
3 169 5613
1 958
1 536
1 223
2 436 11377
2 151 39484
3 375 2692
1 751
3 187 38338
3 438 29650
2 753 21531
1 243
1 708
1 515
1 597
3 849 41295
2 883 24940
1 199
2 793 74324
3 323 54039
3 760 9228
1 573
1 957
2 810 45689
2 901 29882
3 667 45459
2 276 5555
3 528 50280
3 853 50642
2 260 47316
2 438 87691
2 406 28278
1 937
2 682 74455
1 927
2 110 94991
2 597 1336
3 76 28607
1 55
1 730
2 335 61494
2 917 97998
2 785 22643
3 174 96189
2 415 32543
2 336 63437
3 583 73494
2 918 75214
2 22 86722
2 207 18168
1 527
3 319 66889
1 684
2 539 42965
2 532 76092
2 807 33233
1 877
2 942 63948
2 45 6140
1 103
2 617 96182
2 737 77045
1 227
3 487 23898
2 250 39649
1 481
3 637 38320
2 835 13947
2 533 67409
2 23 52886
2 979 76746
3 835 69898
2 490 77636
3 486 61035
1 326
1 904
3 909 44864
2 936 50327
2 618 51954
1 377
3 898 461
1 775
2 941 34433
2 331 60204
1 65
2 751 2490
3 623 59071
2 522 37575
1 756
1 236
3 827 77024
1 186
1 345
2 336 6100
2 107 70004
1 331
1 197
2 624 29678
3 685 85568
3 420 64956
1 56
2 696 73361
1 614
3 840 19390
2 710 68838
3 741 18739
3 136 96594
1 376
2 332 57374
3 905 58822
3 859 53606
3 117 4262
3 282 98443
2 43 24608
2 120 71601
2 171 21335
2 167 15267
2 784 63327
1 879
2 676 37369
1 614
1 307
3 417 40392
3 90 96811
3 603 60576
1 509
2 878 27221
3 116 84521
2 159 74029
1 99
2 458 54038
2 908 11768
1 142
1 536
3 652 84609
2 304 14633
2 518 66401
1 809
3 252 70805
2 348 20169
2 518 72849
3 753 64599
3 205 6843
2 445 95522
3 805 31560
2 787 3221
3 541 37268
2 993 98324
1 813
2 398 85067
1 289
3 154 96180
2 404 80913
2 67 87190
1 431
1 270
2 529 55081
3 739 58219
2 146 91391
2 683 62063
3 385 75553
2 390 47582
1 549
3 341 84137
2 656 76789
1 273
2 132 12984
2 459 16134
1 365
3 845 54551
3 688 71536
3 181 72058
3 197 24146
1 295
1 504
3 180 18291
2 743 24134
1 705
2 589 20898
3 466 25969
3 444 64621
1 385
1 74
3 213 83818
3 964 71128
1 275
2 307 32153
1 229
3 870 52187
3 542 2454
2 20 23878
1 605
2 551 48865
2 595 70930
3 730 66039
2 420 81400
1 176
3 184 82855
2 213 88149
3 644 21175
1 747
3 324 55517
2 678 62540
1 32
2 713 29012
2 56 54538
3 943 70234
1 596
1 633
3 711 7430
3 572 64660
1 898
3 660 58703
2 818 55684
3 847 94300
1 997
2 544 31200
2 839 93629
3 873 46303
3 256 58918
2 130 56040
1 272
1 258
2 841 20521
2 494 65828
2 500 79494
2 126 73360
1 884
2 710 77782
1 4
3 785 66286
3 287 47699
1 200
3 963 55719
3 21 44756
3 587 95454
3 298 97812
2 745 42421
3 463 96665
1 177
1 172
1 948
3 308 63353
3 22 41129
2 5 57119
1 93
3 258 13343
1 357
3 595 97898
1 543
2 341 12537
1 830
2 444 90791
2 409 1983
2 449 7134
2 446 91675
2 567 93142
1 850
3 74 55908
2 782 11132
2 132 5351
3 774 3081
3 95 15218
3 496 47971
3 261 21763
2 969 45939
3 472 9214
2 432 62110
1 841
2 143 85176
1 70
2 300 69302
1 105
3 859 33494
1 211
3 94 79565
2 653 49118
3 940 86226
2 318 48421
1 463
2 831 53032
1 984
1 419
1 9
1 516
1 884
2 874 70073
3 733 60853
2 211 82906
3 945 74577
3 802 89452
2 773 37569
