1000 1000
90687 70079 88234 92010 9899 32580 62316 28060 47115 34449 53561 12153 75910 54652 77324 94206 95993 18293 33128 93014 78478 13078 8072 7031 64238 31491 59664 13285 95565 80728 15351 36522 68809 96266 5479 42844 66628 76489 96660 61952 79805 41401 82669 54275 74073 10706 12141 6418 5328 51813 69050 74145 77896 47668 42780 67655 41089 22735 75682 61870 4085 67649 52170 9300 37134 47691 14203 3011 63714 47525 84218 57154 60168 91212 78651 43234 48216 77136 18358 78564 54023 75182 80463 16606 36472 46704 70491 1293 14774 38990 77583 90560 25598 29726 62034 13700 5649 93641 31147 57816 42565 23389 91347 35646 1085 86429 4290 27222 71956 73451 74950 12490 38222 22683 51969 22307 77670 84811 43496 26273 40908 85241 64483 41831 61973 96948 38580 24409 96621 71275 24156 56228 89242 34548 75866 46215 959 51654 45192 67945 97338 27751 22416 3422 12756 65469 9188 30888 23728 47389 23326 51552 42387 57256 53740 97018 60867 72368 77983 25846 11911 5032 18001 33214 9527 96784 36024 60938 72599 13652 81359 58288 693 25907 17795 71734 28686 28524 18513 91884 21635 28511 7022 77520 30565 44877 24517 61766 58417 55538 69578 42567 31325 12972 28699 14728 61114 98894 36390 92854 29838 42410 82657 12253 21227 98586 63567 61808 12602 41696 85073 21435 29763 23238 59075 99201 82964 41673 46887 30539 45642 57840 91014 33317 79077 65785 29543 16152 1337 3073 69680 23170 65817 47635 71966 78745 29184 68663 62516 81862 65377 37132 54660 20576 71596 74094 73064 81401 71577 61994 77904 41312 47898 88175 43278 76986 93433 11522 67103 67670 3247 64222 88748 72239 33801 54134 23528 85362 44365 28829 57948 40340 23377 71943 70959 89793 8464 84764 27851 76867 41064 99501 2267 90147 93765 56812 39518 63565 13306 90914 10795 96071 20038 34846 42600 10788 87868 94649 52249 53945 424 52253 77973 57878 59234 66286 71918 98314 18122 9760 79247 40474 39484 51127 61542 46217 56366 83919 43425 7033 82312 71648 61289 77189 1808 1845 59336 74467 34562 90657 43319 82725 32348 47491 48352 52820 69391 87210 92248 15308 25512 4365 57919 19098 76614 36647 20066 82686 99761 77815 62744 89198 6438 39839 38144 67300 76595 37027 848 36875 34001 68988 93101 38868 98268 88702 39209 46298 10001 73941 61500 77153 3473 99035 43808 88244 72956 11086 2861 37364 29289 66750 54084 99634 24160 60600 11608 38238 67212 30599 65519 28593 82608 66047 17820 66953 94872 27585 23166 94406 49586 38973 44388 15120 16456 32647 86241 84839 43386 42701 23827 60307 42178 95353 10596 55746 51519 42323 34515 76545 5947 66311 91429 60262 98666 49096 40312 22418 5469 2787 28355 17677 47105 25991 44628 96868 75356 970 13730 45227 43486 85120 93579 99102 7478 33513 7648 2247 12135 36518 49868 24091 35976 29155 7265 97723 52645 53628 81212 78193 14663 51601 18629 87536 32304 73704 45240 24534 43948 57303 83080 37817 56671 97318 25578 71290 8258 4886 59537 52951 7178 6405 32849 84788 49369 21915 78877 2233 92671 44050 21363 21072 67062 38665 35211 45477 28700 80968 35502 18522 73822 45237 26746 996 92437 46644 58303 88541 30154 23981 58536 10448 15787 93161 84875 93047 23464 20901 10963 59973 17761 69554 89615 96295 77388 72181 65174 76717 16916 84696 2318 14328 66026 54229 49017 24939 79782 11209 85200 41884 79401 97856 17275 52867 7208 88057 73345 24010 91652 45139 46968 72223 67211 15721 75450 45125 95204 7215 26373 83444 78422 58436 69925 62972 51539 49866 81586 84565 43567 11265 22698 87639 78289 65133 95260 73592 82764 49041 16035 76914 66115 79598 6067 56246 47841 27905 97129 24226 37837 82313 35920 26589 18684 59581 31230 8622 84977 51449 73130 92695 71601 68019 84178 58675 37003 11267 73377 8793 82268 74980 52572 50112 25919 88624 69985 80571 92359 84685 13832 58814 78331 28756 91306 85874 18704 8237 4107 1177 2278 81725 4354 91821 52036 81364 75009 20332 97337 16991 42541 58025 86047 86060 57286 25796 39235 37385 29166 53654 89734 37453 44115 33699 26101 99331 92003 59334 24489 5186 51351 7811 45131 9222 32392 56644 22273 62913 29213 68241 53149 5476 96552 90787 55804 85564 16042 66431 2980 49224 30907 49370 79211 10492 65745 14714 63112 10601 11708 20595 4368 70462 168 14545 10511 61706 26152 50997 51447 81325 52040 59224 92665 29164 62371 44810 75584 15538 49984 83860 24448 41163 59315 81166 756 1944 21129 81745 8550 66369 29345 79994 77620 42587 34840 95726 71087 29330 2439 15154 96849 62689 59815 54781 63198 53717 99713 81298 49559 99122 30342 55944 39766 79300 9161 59561 70688 12152 10698 88834 5211 26418 14451 25389 83397 34976 95690 48602 28852 87258 26458 42424 26077 27469 44404 13866 42621 15551 86750 22810 56694 3733 95672 19136 64013 69428 38359 60201 74693 14053 52705 2347 71870 18442 50538 18700 44422 39711 47896 11677 13019 482 16070 33285 53271 58728 19690 86262 53274 67601 50923 66386 93183 66227 53312 87221 64630 75201 66995 63209 90049 14174 96627 89292 56265 24293 96975 79171 24673 11169 77888 46178 49233 88705 29605 39025 21355 45908 53864 91564 8487 51168 60900 4759 23588 28958 50833 99982 73273 83882 38867 42519 11427 3072 79726 42516 25831 20328 7429 34214 19626 84996 1893 47627 44489 50410 64507 11742 55622 88601 86544 70521 48740 28997 77220 12422 93998 56422 72958 65981 36521 42125 30967 3979 80240 63026 72977 13936 74018 40377 51632 97625 68770 58545 93305 76884 76362 2738 25609 18586 25605 24244 19644 18462 75676 51167 88616 60805 37478 16748 2869 63258 98618 53381 90529 24593 67129 6330 76285 79603 12132 28635 53780 35170 22783 94821 57815 87771 79876 6659 98574 36295 73310 82581 10900 97674 41119 6223 48964 91961 4040 48375 89842 6490 13262 54576 5822 69988 37717 88049 52084 89112 14954 75092 52770 60927 80345 47196 10475 39236 19963 77057 46080 84352 5190 52526 36817 12550 10619 20931 59525 86508 92019 56908 42370 26486 36733 51830 84249 94256 90156 82182 28020 6809 68015 36097 88518 22072 51511 94344 35224 67184 47090 20080 35583 40138 6312 37648 22003 2044 58668 17587 3135 81909 31550 41654 68615 51896 53880 54351 22084 76282
1 2
1 5
1 16
1 24
1 38
1 59
1 164
1 169
2 3
2 4
2 9
2 41
2 53
2 350
2 573
3 6
3 7
3 19
3 26
3 84
3 413
4 10
4 11
4 32
4 64
4 67
5 21
5 160
5 173
5 284
5 291
5 927
6 13
6 29
6 355
6 412
7 8
7 18
7 96
7 887
8 12
8 25
8 44
8 60
8 75
8 83
8 175
8 180
8 292
9 14
9 17
9 40
9 65
9 95
9 107
9 131
9 389
9 499
9 640
10 37
10 166
10 356
10 434
10 485
10 980
11 15
11 20
11 22
11 30
11 267
11 326
11 955
12 43
12 46
12 349
12 636
13 42
13 123
13 235
13 448
14 23
14 61
14 204
14 785
15 27
15 68
15 841
16 49
16 55
16 404
17 245
17 457
17 689
17 825
18 28
18 63
19 31
19 35
19 342
20 105
20 129
20 225
21 203
21 293
21 748
22 33
22 66
22 80
22 140
23 78
23 125
23 156
24 39
24 241
25 89
25 116
26 74
26 103
26 153
27 77
27 239
28 57
29 52
29 58
29 126
29 184
29 606
30 51
31 128
31 332
32 144
32 174
32 179
33 34
33 429
34 45
34 48
34 148
34 182
34 322
35 36
35 47
35 50
35 70
36 73
36 93
36 165
36 280
36 601
37 102
37 231
38 54
38 290
39 101
39 108
39 999
40 117
40 249
40 465
41 171
41 586
41 987
42 82
42 111
43 62
43 71
43 92
43 100
44 76
44 230
44 399
45 163
45 367
45 568
46 94
46 135
46 233
46 286
47 992
48 86
49 247
49 330
49 473
49 711
51 352
52 69
52 337
53 341
54 524
54 638
55 56
55 275
55 390
56 99
56 264
56 340
57 147
57 172
57 176
57 278
57 433
57 578
57 641
58 216
58 218
59 91
59 124
59 197
59 209
59 754
60 98
60 162
60 477
60 648
61 452
61 659
62 401
64 88
64 113
64 193
64 348
65 303
66 296
66 789
67 72
67 81
67 237
67 238
67 255
67 772
67 813
68 115
68 619
69 691
70 315
70 542
71 79
71 90
71 134
71 137
71 632
71 714
71 745
72 139
72 240
73 580
73 811
74 85
74 363
74 409
74 696
75 158
75 369
76 362
76 560
77 199
78 219
79 122
80 87
80 365
81 244
82 187
82 261
82 483
84 97
84 151
84 192
84 411
85 257
86 127
86 391
87 132
87 138
87 468
87 565
88 319
88 597
88 942
89 136
89 934
90 104
90 109
90 183
90 615
91 276
93 188
93 277
93 329
93 385
93 441
94 112
94 339
94 679
95 141
95 150
95 443
95 839
96 398
96 800
96 820
97 121
97 333
97 351
97 596
98 110
98 133
98 672
98 683
99 186
99 402
99 431
100 300
100 435
101 299
101 894
102 220
102 328
102 552
102 991
103 106
103 155
103 263
103 533
103 537
104 143
104 154
104 200
105 191
105 224
106 114
106 989
108 119
108 232
109 157
109 194
109 262
109 265
109 343
109 516
110 142
110 159
110 196
110 634
111 258
111 547
112 130
112 251
112 380
113 327
113 346
113 506
113 766
113 883
114 482
114 511
114 876
115 210
116 118
116 177
116 428
116 873
117 120
117 564
117 686
118 440
119 624
120 252
120 325
120 607
120 737
121 145
121 420
123 591
124 229
125 408
125 898
126 207
126 439
126 656
126 886
127 259
127 269
127 298
128 403
129 208
129 260
130 170
130 189
130 309
131 181
131 323
131 335
131 454
131 633
132 146
132 289
132 361
132 410
133 149
133 152
133 279
133 948
135 334
135 669
136 161
136 195
136 228
137 419
137 463
137 561
138 242
139 190
139 493
140 723
141 266
141 474
142 393
142 556
144 202
144 529
145 246
145 947
146 185
146 282
146 308
146 392
146 472
147 227
147 370
147 738
148 206
149 374
149 381
149 874
150 223
150 281
151 288
151 314
152 466
152 693
153 168
153 226
154 500
154 623
155 590
156 704
156 846
157 796
158 167
158 310
158 447
158 699
160 378
161 243
161 250
161 364
162 678
162 688
162 977
163 178
163 388
163 414
164 386
164 780
165 377
166 198
167 622
169 221
170 432
171 213
172 931
175 492
175 505
176 217
176 864
178 212
178 676
179 423
180 1000
181 407
181 612
182 285
182 916
183 449
184 453
184 760
184 880
185 214
186 271
187 316
187 551
189 215
189 538
189 572
190 884
190 974
191 302
191 427
192 914
193 358
194 201
194 222
195 270
195 421
195 715
196 964
198 305
198 306
198 952
199 484
199 582
201 205
201 211
201 379
201 555
201 920
201 973
202 918
202 958
203 311
203 331
203 728
204 256
204 865
206 273
207 627
207 943
208 357
208 359
208 570
209 746
211 366
211 712
211 859
211 875
212 763
213 347
214 680
216 248
216 515
217 488
218 383
219 794
219 832
220 283
220 382
222 307
222 464
222 869
223 287
223 592
223 616
224 418
224 666
225 857
226 344
226 644
226 724
227 253
228 852
229 234
229 639
230 541
231 236
232 294
232 509
233 701
233 814
234 268
234 838
235 994
236 274
236 614
238 304
239 422
240 417
240 456
241 695
242 514
242 665
243 939
244 254
244 502
244 643
245 742
246 416
246 508
247 558
248 354
248 445
249 653
249 998
250 373
252 851
254 324
255 821
256 602
257 491
261 534
262 487
263 654
264 376
264 647
264 762
266 530
268 486
268 655
269 321
270 956
271 272
271 735
272 532
272 908
273 467
274 318
275 600
276 430
278 702
279 510
280 297
280 628
280 730
281 301
281 320
282 295
283 317
283 504
284 336
285 345
285 703
285 775
285 900
288 881
289 629
289 667
290 494
290 608
290 863
291 891
293 544
293 584
293 677
293 768
294 353
294 489
294 645
295 406
296 774
297 313
297 758
297 834
298 518
299 673
300 460
300 478
301 446
303 513
305 312
305 425
305 575
306 475
307 752
308 521
308 674
309 338
310 375
310 660
310 694
311 371
312 387
313 400
313 650
318 424
319 395
322 531
322 587
322 765
326 471
327 470
327 705
327 950
328 962
330 497
330 610
331 394
331 503
331 720
332 731
333 476
333 507
333 727
334 642
336 569
336 791
339 519
339 692
340 438
341 709
343 935
344 867
346 368
346 662
347 546
347 663
348 526
348 611
350 360
350 651
350 751
351 729
352 726
352 861
352 928
354 372
354 849
354 917
355 384
356 535
356 579
356 700
357 496
358 442
360 631
361 940
364 585
366 451
366 799
368 833
371 396
371 808
372 925
373 781
377 455
377 713
378 599
378 668
378 822
379 469
379 960
381 842
387 697
389 405
389 462
389 657
389 921
390 461
391 415
393 397
396 527
396 915
397 594
403 812
404 933
405 576
407 426
408 459
408 571
408 618
408 625
408 759
409 604
409 613
409 919
413 545
413 559
413 911
414 444
414 480
415 458
416 598
416 944
417 437
417 567
417 930
418 495
418 635
420 946
420 953
421 490
421 652
424 512
424 675
425 523
426 827
427 543
427 549
427 792
429 528
430 577
434 436
434 522
434 553
435 790
435 910
437 450
437 706
437 773
438 583
439 744
440 804
442 517
442 520
442 566
445 479
445 595
448 810
449 562
450 563
450 605
450 716
451 732
453 797
453 924
454 899
455 554
456 938
457 501
457 603
458 795
463 525
465 786
466 862
467 897
467 954
471 481
471 826
474 539
474 802
475 740
478 664
478 749
480 757
481 718
481 809
484 717
485 550
487 778
489 540
490 498
490 682
497 923
498 936
499 777
504 589
507 658
508 793
509 536
509 922
511 734
514 548
516 626
517 630
521 557
524 747
524 970
525 803
527 896
531 574
532 698
533 617
534 710
536 687
536 764
536 840
541 782
542 593
543 871
548 776
548 868
553 725
553 823
554 620
555 975
560 848
560 941
562 741
564 815
565 860
567 788
567 817
570 621
571 843
573 978
574 969
577 581
578 836
580 909
586 588
586 670
587 885
587 893
588 753
591 646
592 671
593 771
595 907
597 743
601 937
604 609
605 708
608 685
609 637
611 945
613 722
613 818
614 965
615 767
617 719
618 681
619 784
619 866
620 853
624 816
628 971
636 850
638 990
642 761
643 770
646 649
646 690
648 890
652 912
653 783
655 661
655 736
656 845
660 963
662 684
662 806
671 985
674 951
675 895
676 966
677 755
677 779
679 707
680 968
681 835
681 961
682 798
684 830
685 828
688 721
689 913
692 984
693 750
693 844
696 993
698 769
698 837
702 997
706 805
710 870
711 892
713 855
715 959
715 972
722 949
724 739
729 733
731 801
735 904
736 756
739 976
740 901
747 903
749 983
751 829
756 858
757 824
769 787
770 856
778 929
780 932
782 986
785 889
790 902
795 878
801 872
803 819
803 831
804 807
805 882
806 979
807 877
811 981
823 854
824 879
824 995
828 847
840 905
841 957
850 982
871 888
885 906
903 926
924 967
931 988
940 996
1 590
1 309
1 235
1 280
1 804
2 468 76229
3 202 10590
1 413
3 874 93103
3 8 76141
3 47 30899
1 957
1 837
2 953 43145
3 826 33067
1 428
1 437
2 830 64910
1 807
1 696
3 125 47502
1 592
3 525 15344
1 405
1 648
3 220 44233
3 740 51516
1 539
3 19 96546
1 637
1 311
3 378 22967
1 920
3 185 47751
2 146 9772
1 332
1 431
3 544 17937
1 648
2 75 78310
3 232 8552
3 222 71012
2 738 54859
3 945 33287
1 43
2 302 66706
1 66
3 311 14884
2 65 47641
2 781 57631
3 176 98920
2 922 86668
3 617 21941
2 556 50869
3 808 65730
3 892 25780
2 869 60635
2 339 2275
3 371 65825
1 3
2 63 12246
1 640
1 651
2 575 72489
2 377 16476
3 721 15250
1 467
3 151 96532
3 980 59560
1 250
2 689 22524
1 613
3 103 2011
1 76
1 194
2 278 17001
3 968 29100
2 784 64583
2 384 20208
3 475 80569
3 825 15343
1 817
2 474 99073
3 599 63273
3 918 73838
3 157 80700
2 414 59317
1 205
1 557
3 536 50665
2 293 9222
1 331
3 754 5652
2 412 29659
1 788
2 559 10493
3 969 76282
1 783
3 684 90860
1 946
2 99 96234
3 608 55419
3 413 88555
2 454 82614
2 237 24594
3 519 58960
1 53
2 249 74481
2 994 6813
3 858 64067
3 924 14786
1 853
3 660 70045
3 758 56642
1 851
1 565
2 740 45340
1 353
2 606 13250
3 380 50299
2 695 40113
2 190 31811
3 275 48152
1 377
2 379 37964
1 89
3 392 66854
1 555
1 55
3 782 99203
3 241 69474
2 67 60257
3 624 40095
1 101
1 510
2 990 6321
1 897
1 695
3 753 14260
2 981 86384
3 547 89986
1 770
1 360
1 156
3 514 11633
2 156 13137
1 806
1 750
1 918
3 819 75910
2 685 61942
3 266 57511
2 394 13988
2 573 83659
3 744 47442
1 859
2 480 31007
2 441 92392
3 896 17981
1 190
3 984 99474
2 752 87873
3 481 89421
2 96 43946
1 664
3 991 66389
3 506 9800
3 251 90727
1 487
1 451
3 642 46956
3 134 33755
3 123 45584
3 914 21313
1 963
2 307 77357
3 353 69346
2 485 19569
2 453 93119
3 144 518
1 774
1 86
3 132 81164
3 780 44071
3 201 26170
3 21 48509
2 933 84612
2 372 81917
3 554 76249
2 334 32230
3 179 10614
1 598
2 126 85957
3 701 51623
3 779 5450
3 569 53318
2 540 89538
2 678 55378
3 598 99326
1 224
1 892
2 666 90262
3 2 79454
1 623
1 122
1 351
2 408 67128
1 303
2 653 3991
3 316 54900
2 595 50840
1 89
1 831
1 567
2 538 27769
3 317 34833
1 683
2 22 63147
2 497 15711
3 603 85968
2 412 34555
1 73
3 189 74481
2 106 94756
2 544 50329
1 956
3 1 13426
1 940
2 399 67818
2 793 91811
1 430
3 825 85049
1 105
3 246 42862
3 994 46644
2 456 88448
1 266
2 688 4222
3 354 49253
2 875 25589
1 196
1 494
1 631
2 96 60433
1 770
3 384 57664
2 674 20815
1 254
1 197
2 218 98442
3 234 6325
1 497
3 109 24295
3 918 75568
1 728
1 693
3 383 95246
1 802
1 216
1 721
2 169 86212
3 833 84198
3 65 4055
3 67 69924
3 662 57217
1 306
1 787
1 964
2 155 52403
2 434 42494
1 451
1 742
3 498 70779
1 35
3 783 11786
3 958 81004
1 340
2 564 23111
1 684
1 816
3 360 44907
1 930
2 41 8550
3 274 76502
2 38 41591
3 847 44783
1 982
3 937 46640
1 943
2 790 13390
3 33 17927
3 382 36734
3 436 85852
2 47 23688
1 967
2 491 88007
1 878
3 394 78533
3 861 15539
2 728 99039
2 591 49549
2 923 92969
3 384 7116
2 58 20378
2 451 44897
1 380
2 553 27865
3 698 33084
1 801
3 253 67660
2 184 15299
2 293 27800
1 370
2 708 87737
1 622
1 963
3 187 81776
1 754
3 990 12143
1 220
2 52 52804
3 815 39251
1 58
1 866
1 166
3 887 82237
3 53 37686
1 782
3 228 43642
2 812 74202
1 481
1 448
1 119
1 595
2 581 2656
3 7 71389
2 757 88307
3 924 46027
2 551 74610
2 687 91839
2 267 10609
2 302 45315
3 878 58663
1 699
1 499
3 601 22214
1 612
1 402
3 830 9033
2 738 90971
2 967 8626
2 243 20063
1 704
1 754
3 381 37499
1 586
3 786 2499
3 954 73537
1 298
3 721 59941
2 298 96566
2 353 13341
2 975 72150
1 176
2 201 39750
3 506 77800
1 52
3 123 21841
1 716
3 996 39996
2 122 40682
1 94
3 40 63373
2 954 86953
1 446
2 153 81078
2 582 60376
1 94
1 865
1 445
2 591 68245
2 567 61537
1 403
3 732 73480
3 27 89274
1 362
3 144 9293
3 84 80566
2 473 57583
2 163 31047
2 377 53839
2 258 98288
2 618 92978
1 80
1 941
3 558 48266
3 162 15269
3 64 8533
3 337 73119
3 394 17860
2 675 96779
2 939 22186
1 471
3 892 51859
3 661 13488
2 472 99713
2 827 2555
3 334 9203
2 354 4520
1 316
3 946 65299
2 250 66076
1 369
1 159
1 760
2 293 48519
3 835 90517
3 163 28088
3 85 65984
2 946 96229
3 135 36153
3 758 52227
2 273 66357
3 268 91273
2 328 9898
2 475 46630
1 456
2 360 82266
3 508 29399
2 968 92562
2 861 38684
3 738 74892
1 113
3 962 11066
2 610 8419
3 885 48087
1 832
2 851 82509
2 977 71488
2 265 78136
1 376
2 311 39129
2 618 41966
2 765 54586
1 749
2 899 13749
3 457 37114
2 330 59893
1 11
1 904
3 417 38305
2 717 3951
1 15
2 620 51535
3 769 25550
2 351 82915
1 550
3 847 85549
3 476 60212
1 935
2 202 43114
1 908
3 167 31153
1 146
2 674 50879
2 90 33480
2 628 89936
2 938 54565
3 240 70446
1 115
3 460 56516
2 563 68659
1 216
1 56
1 326
2 69 88369
1 366
2 666 47854
3 385 96176
3 249 42414
3 843 36760
2 884 82424
1 772
1 765
3 628 9776
3 907 30381
1 513
2 552 21807
2 126 32285
1 956
2 374 91438
1 507
1 770
2 358 5554
3 694 71589
2 768 29342
2 934 82935
2 355 75676
3 446 1333
1 907
3 944 98535
3 434 66541
3 904 14788
3 366 18194
2 625 3434
1 297
3 9 94658
1 592
1 607
3 523 44974
1 675
2 714 23116
1 752
3 358 75232
3 56 9610
2 960 34329
3 915 13231
2 79 52967
2 669 54362
3 919 21082
2 116 12798
2 766 22710
1 761
1 703
2 688 12274
2 1000 6990
3 105 66472
3 764 40428
2 697 5729
1 310
2 109 92667
2 589 87011
2 424 36267
3 352 88899
3 937 89237
2 883 11054
2 16 14984
2 674 60747
3 715 58315
3 717 20893
3 379 76199
1 697
1 447
1 683
3 921 80007
2 835 44707
2 949 42742
1 420
2 489 7830
1 392
3 322 33201
3 412 25504
1 327
1 677
1 535
2 61 87640
3 313 75818
3 94 58799
2 915 64514
2 901 55328
2 158 6191
3 556 51427
3 618 6858
3 836 51494
2 549 47905
3 696 72495
3 632 88858
1 822
2 26 12566
3 8 45629
3 879 70570
1 427
3 855 55411
2 825 86204
1 947
3 368 95734
1 452
1 91
2 147 83448
1 298
3 120 82391
3 854 49119
2 217 41368
2 1 24148
3 466 41947
2 268 40245
3 108 83220
3 659 54777
3 25 89508
3 915 64075
2 340 84691
3 173 54170
1 345
3 539 45644
3 997 17374
3 430 44081
1 743
1 258
1 890
1 535
2 766 43225
2 70 45381
3 751 4597
3 411 64151
2 353 53352
2 767 74060
1 818
2 766 65280
2 142 99375
3 865 22717
3 198 422
2 692 606
2 438 65217
3 554 98352
2 582 58248
2 489 98332
1 10
2 87 53493
2 201 68237
1 804
3 257 55983
2 836 84794
1 553
3 848 42615
3 811 13059
2 473 25920
1 17
2 322 24987
1 544
2 124 52006
1 393
1 488
3 72 68967
2 243 71536
1 294
1 837
2 526 25864
3 404 69453
2 380 46704
1 418
2 413 37150
2 877 80897
1 526
1 548
3 795 36897
2 600 51961
2 358 42013
1 93
1 811
3 769 74162
3 533 64662
1 62
3 339 37238
1 820
3 40 72073
2 692 9854
2 58 53218
1 611
3 44 10825
1 603
3 24 91651
2 709 63431
2 206 57488
1 274
3 524 5043
2 157 12639
1 28
2 359 27013
1 107
3 769 31868
1 156
1 447
3 572 56242
1 829
1 275
1 869
1 293
3 839 92200
3 694 44627
3 445 28588
1 544
2 203 33956
1 188
2 248 23907
1 112
3 241 76347
1 672
1 107
3 563 665
2 974 59488
2 481 92457
2 468 82139
3 881 37129
1 134
1 907
2 321 79004
3 586 79731
3 804 43648
2 474 34899
2 172 59288
3 29 42383
1 192
1 510
2 479 67109
2 641 50120
2 105 52639
2 159 21246
1 678
2 277 65332
2 302 87086
3 136 28951
1 181
1 924
1 371
1 852
2 868 50419
3 462 26299
3 450 4221
3 271 70857
2 25 94837
3 879 83872
1 959
1 913
1 795
1 914
1 384
3 63 58739
2 173 76677
2 505 31352
1 830
1 372
3 522 59193
3 614 46879
2 2 20063
2 876 38913
1 172
3 721 3044
3 315 18537
3 417 68974
1 101
2 679 53528
2 208 46092
1 66
1 820
3 909 53909
2 435 35068
2 718 15635
2 508 81714
3 230 37197
1 128
3 906 32746
1 702
1 518
1 643
2 5 76118
2 524 11909
3 403 26673
2 452 96624
3 931 64786
1 91
3 124 75698
2 106 66631
3 239 95509
1 353
1 369
3 144 79374
2 338 2004
2 241 97574
2 483 1165
1 177
3 749 82563
3 429 6390
3 153 43800
1 37
3 330 54882
1 687
2 899 68335
1 835
1 248
2 293 17267
3 98 11614
3 500 3773
1 801
2 541 85110
3 790 28161
3 323 11576
1 21
3 157 79758
1 656
1 277
3 912 5573
1 436
3 464 19512
1 639
1 758
1 975
1 416
1 750
3 166 34529
3 484 64142
1 725
2 224 26116
2 353 81790
2 608 41664
2 611 31726
2 676 16899
1 890
3 674 38681
3 605 25611
3 796 75819
1 823
1 359
1 486
1 871
2 642 16421
1 777
1 578
1 793
3 578 65993
2 529 98289
2 88 17853
3 449 60557
2 523 47892
3 909 25981
2 999 88711
3 968 83581
2 164 43033
2 761 44615
3 81 47359
1 885
1 857
1 460
3 915 56643
1 640
2 507 47190
2 872 52484
2 463 62877
2 20 57473
2 119 57586
1 431
1 910
2 69 54484
1 401
1 219
3 418 96064
2 629 83628
3 32 28819
2 302 93751
1 546
2 834 44337
2 135 54569
1 704
2 657 91483
3 618 55399
3 96 60113
2 175 14447
2 469 17726
1 113
2 545 53463
1 729
1 984
3 626 12757
1 912
2 922 80721
1 426
1 620
2 782 93876
3 118 1959
3 341 97163
1 686
3 176 4116
1 912
1 99
3 63 83798
1 160
2 679 88704
1 693
2 684 99815
2 994 65431
3 73 897
3 589 8334
1 285
2 332 16832
3 860 3389
3 661 10996
3 777 13977
2 514 11037
1 214
3 425 10369
2 417 20885
1 912
3 779 722
3 229 51829
3 320 81271
3 254 86110
2 879 95013
2 685 60050
1 912
1 671
3 422 31825
3 508 25741
1 279
1 810
1 541
1 136
3 177 20341
1 912
2 764 18806
1 619
1 49
2 220 84492
1 442
1 627
2 88 54185
3 271 62054
2 906 35689
2 838 90759
2 912 37885
2 862 76826
3 214 89690
2 175 19542
2 161 13113
1 750
1 816
2 947 67822
2 40 23015
3 632 56466
3 367 3759
2 687 651
3 71 25907
1 287
1 55
1 243
2 974 20915
2 46 58498
3 580 28238
2 756 55999
3 95 43920
3 953 75527
2 423 82916
1 574
2 142 12554
3 760 31746
3 497 96841
2 547 91939
3 126 95185
2 918 1877
2 240 92324
2 939 87848
2 341 45066
3 540 71764
1 978
1 885
2 12 24448
2 7 97543
1 398
3 123 70113
2 660 84050
2 720 35662
3 115 27372
1 447
2 362 35793
3 354 11116
1 492
2 86 24541
1 93
2 288 18920
2 339 22835
2 85 96302
3 427 30614
2 170 39402
1 562
2 851 67014
1 299
1 16
2 582 17916
2 154 74868
2 326 30127
2 858 79048
2 992 47212
1 297
2 380 1568
3 344 30786
3 744 52784
1 461
2 427 32872
3 783 85783
2 995 82685
3 448 51920
3 671 23483
3 668 11586
1 289
2 741 85643
2 247 85393
3 879 25312
1 783
1 957
2 145 57493
1 875
1 416
