1000 1000
79216 26353 38497 736 1843 11932 33313 68521 99408 12213 73886 66768 43305 77296 13233 51491 52264 82160 22171 39749 33162 87230 85557 91431 38527 14180 97681 98080 12234 69743 7419 70066 57788 9432 7528 23042 37673 35410 67260 82868 11269 43913 83890 65351 697 87011 40292 40397 54510 82114 28911 15720 6244 61087 41447 62211 49882 16686 55015 13218 97819 65672 93256 58519 18526 66757 98872 31808 43040 60624 57767 66793 17022 34523 94118 63479 97149 44025 52984 94901 99597 61816 48322 79301 88397 59097 25952 74991 54232 69815 7605 9514 28564 8609 47919 25010 14538 2314 34784 26141 87793 70939 345 79116 47323 91503 70219 76109 30884 87184 25515 63817 3513 78169 70813 86408 48355 66053 91396 63494 67822 1620 87025 98375 45519 7164 81763 59042 12297 12140 6691 82095 55179 81440 88420 47056 26389 26308 55360 27205 90595 54492 81956 96395 31287 12667 90816 18484 97175 14729 74645 67135 29772 43306 73157 29719 31920 12779 76821 73731 57761 98819 32529 47333 68070 4315 64211 42333 64405 85799 5854 62991 73794 22968 38863 82318 78322 4234 16513 67501 21955 42576 5173 40012 63496 88906 93089 87306 12561 91374 84833 47031 31840 92025 71835 3539 2429 25068 40730 30308 66163 41130 6074 20114 60573 43397 45951 72952 10262 15298 23503 16264 54330 67064 96240 80605 47153 62210 19159 43830 49431 91238 69243 41550 45125 53753 21337 61335 89001 33009 48249 45191 6627 4169 57215 82416 70174 94293 78431 23035 9660 40020 45213 59245 75070 85876 44991 47730 50053 34500 32785 34759 61099 94404 15403 34899 76199 56442 19544 75460 23382 38494 31170 97869 97181 91622 59539 9024 6349 42186 94621 1186 96004 34769 81484 49129 84336 32008 81678 46644 27396 87621 97794 7649 89153 55219 46760 67742 95335 87948 79653 56362 26346 4446 81588 94502 2375 59110 20126 39938 43329 38889 32980 64163 79749 32046 87556 94786 91731 89614 37023 70415 34016 65059 9532 41844 49495 10311 32931 32536 81322 30820 2025 19748 47075 21957 88203 99811 82213 55330 98410 56219 2381 7377 87202 41486 56484 20455 9611 84680 90819 15790 80532 47701 3113 28161 2892 16786 77908 15996 71114 25183 94834 65554 20278 54002 66178 92238 81150 86744 24646 56939 57653 4770 34206 33622 30791 55758 86359 9938 22287 71786 2492 85493 43726 90635 49810 74186 15200 15241 69423 52474 74148 58310 89923 98580 39543 81584 13213 24537 99640 41679 56187 73001 78624 10169 28746 98910 30379 86613 75534 8744 55698 14971 91138 54327 46955 53502 11927 58672 38387 18625 87682 63787 66021 95437 18589 90826 88678 91239 44373 63563 18621 35172 22080 56325 18039 9901 42183 46048 47726 6306 9213 93534 21321 82157 65172 42123 35161 79720 14031 42897 24990 1347 27721 88670 94981 62758 13394 10486 93751 5293 59922 59849 22023 49779 50877 49233 77012 68924 91856 58524 62339 24222 94553 20224 60989 46544 48881 24328 62197 53053 19264 87425 67804 11784 65441 2305 402 29903 91195 22696 66241 78956 51019 50144 9745 25248 43334 3258 5965 36868 478 79025 25200 60861 67262 5084 83523 87854 69929 14232 34244 4640 65003 29068 72788 88228 78768 42857 66551 57446 7446 32086 84898 58694 63928 5593 63659 16432 20241 13131 37222 2497 33215 64931 28755 73064 71870 8792 89259 83454 91261 99742 51951 59504 24708 75966 75231 32582 39738 31833 87087 68162 74826 73996 29686 2882 5099 71048 17930 74356 82965 48146 64111 52331 30217 14399 49631 13040 24441 81601 17710 10166 83112 60982 91637 30287 15649 75521 41207 19045 9603 59468 99630 2478 26529 92751 54710 90570 62704 94816 79654 62237 69628 98537 3598 83577 61384 3416 30446 45225 92089 2780 29333 53201 95261 59552 41114 95257 59953 79863 44153 76625 1962 46814 98050 33167 68024 35545 91194 44013 16934 25130 80490 17900 31734 64911 52785 67877 12009 85323 58387 81216 47420 51598 29863 38622 90803 31464 2760 64275 59017 75442 50893 32723 66095 22798 48549 72832 50914 48047 54723 5538 31624 13399 84544 8963 14716 90598 8041 5087 8153 23496 20462 44873 55358 3004 48431 63662 92168 74242 56576 17018 69700 32555 65583 79623 19870 52236 67978 46726 18780 78042 97803 79348 59649 65324 64566 51954 3400 67315 27677 28596 15100 38460 13253 96742 69395 86745 72990 84199 2617 17996 85316 92081 29028 58918 5567 63495 96693 9890 45748 86971 71739 87132 67179 4887 64597 85562 27535 80547 37332 67820 61330 3549 39051 42455 53787 68657 28503 13580 8126 8261 97338 30208 92812 22716 89323 84696 81805 54892 15147 75692 10474 68373 10912 53239 94742 55195 55631 29555 50678 24161 62729 84288 37758 66332 26617 18225 26929 5494 82139 61830 80920 8763 50711 62799 52682 5156 57829 58140 65141 69796 42173 35971 69877 45764 30472 47309 75456 64089 92934 64763 26473 93728 16507 3850 31212 99581 43717 8887 7651 2770 83885 63976 86031 67241 95977 17750 94453 44604 52889 55880 21187 18140 68831 92052 66628 91033 63832 53640 62923 10660 40710 92789 46351 1524 56183 38452 16577 6831 85269 22347 69782 21319 25340 41006 34233 59774 60233 35338 48462 7367 80529 3093 25976 18375 40363 84040 13468 90830 21226 237 49783 56878 94602 21875 72190 12727 19819 85847 11586 38694 24457 94398 95575 93875 8404 72710 64461 9910 30232 27268 89988 45309 3894 8524 46971 40604 63784 1179 71789 71600 16398 47762 21949 93862 3097 92767 56039 12016 17752 3088 75558 19891 44314 52675 20970 25496 70467 23152 57101 41250 50337 94822 45341 58842 21600 70135 52289 99847 43735 72625 48384 99514 10729 56030 78953 51795 66322 14258 74165 81568 61759 90067 50356 53542 17790 81744 65970 92917 14024 58031 74636 12225 3222 20366 72498 73799 79417 65673 94603 43248 80845 32140 47230 4748 91950 50308 20738 26384 43264 28921 88107 34754 14212 45800 6949 67455 17216 1010 54049 1487 27445 80231 76991 78061 18578 28557 15710 1973 20409 10849 80152 65328 22212 30123 68460 72098 40743 33045 968 67017 69965 43384 8619 28169 20046 72873 44085 46423 60495 10987 39150 15726 86039 17535 18018 26507 98213 3414 20195 93574 62190 18491 529 52812 45343 65914 35694 24803 32587 55420 17429 37573 57427 57585 75710 68285
1 2
1 11
1 13
1 25
1 39
1 40
1 302
1 506
1 759
2 3
2 4
2 8
2 12
2 22
3 5
3 9
3 20
3 44
3 172
3 225
3 791
3 859
4 10
4 24
4 47
4 449
4 833
5 6
5 77
5 692
6 7
6 17
6 19
6 31
6 136
6 260
6 328
6 375
6 602
7 15
7 36
7 42
7 85
7 587
8 27
8 114
8 124
8 280
9 168
9 430
9 572
10 16
10 331
10 489
10 491
11 65
12 14
12 50
12 62
12 169
12 208
12 259
12 295
12 429
13 28
13 96
13 116
13 381
13 456
13 633
14 37
14 55
14 103
14 905
15 21
15 88
16 95
17 18
17 49
18 54
18 91
18 200
18 294
18 501
18 949
19 338
19 582
20 23
20 863
21 33
21 45
21 469
22 57
22 67
22 74
22 79
22 93
22 369
22 613
23 35
23 38
23 43
23 89
23 90
23 623
24 946
25 26
25 71
26 30
26 32
26 84
26 167
26 445
26 620
27 94
27 108
27 157
27 820
28 29
28 313
28 393
29 350
29 637
30 99
30 373
30 752
31 34
31 48
31 51
31 60
31 61
31 160
31 178
32 53
32 112
32 370
32 816
34 41
34 69
34 105
34 405
35 58
35 81
36 46
36 164
36 217
36 292
37 194
37 411
37 458
37 573
37 727
37 729
38 82
38 234
38 235
38 470
39 87
39 996
40 191
40 556
41 121
42 66
42 128
42 130
44 64
44 92
44 104
44 183
45 70
45 884
45 936
47 52
47 83
47 226
47 253
47 267
48 56
48 102
48 125
48 149
48 601
48 787
49 106
49 127
50 733
51 190
51 229
51 773
51 782
52 76
52 140
52 783
54 196
54 247
54 563
54 684
55 59
55 148
55 219
55 453
56 135
56 231
57 159
58 68
58 349
58 416
59 347
59 603
60 72
60 251
60 461
61 63
61 110
61 177
61 455
61 479
62 150
62 170
62 245
62 965
63 115
63 153
63 205
63 354
63 837
64 78
64 100
64 768
65 80
65 521
66 123
66 163
67 75
67 162
67 189
67 262
67 319
67 483
67 557
68 192
68 940
69 518
70 73
70 139
70 187
70 314
71 146
71 383
73 239
73 327
73 679
74 142
74 174
74 264
74 439
75 86
75 181
75 184
75 277
75 499
75 697
76 98
76 141
76 800
76 865
77 137
77 502
77 749
78 120
78 179
78 283
78 467
78 473
78 648
79 252
79 365
79 399
79 413
80 202
80 497
81 129
81 310
82 134
82 156
82 309
82 355
82 565
83 133
83 258
84 268
84 377
84 571
84 580
84 804
85 101
85 265
85 734
86 213
86 337
87 230
87 358
87 396
87 475
88 117
88 152
89 224
90 402
90 505
91 97
91 216
91 274
91 600
92 209
93 109
93 155
94 255
94 341
94 368
94 550
94 862
94 927
95 228
97 180
97 290
97 336
98 394
98 792
99 107
99 111
100 113
100 143
100 256
101 161
101 206
102 211
102 542
102 545
103 799
104 263
104 704
104 788
105 122
105 154
106 144
106 291
106 525
107 732
107 942
108 308
108 390
108 609
109 147
109 281
110 145
110 175
111 293
111 321
112 438
112 466
113 249
113 329
113 534
114 118
114 367
114 474
114 987
115 119
115 272
117 131
117 417
117 615
118 165
118 318
118 322
118 861
119 326
119 567
119 569
119 850
120 132
120 594
120 651
121 201
121 403
122 138
122 185
122 584
124 222
124 261
124 286
125 126
125 199
125 409
125 531
125 812
126 151
127 218
127 655
127 724
127 883
128 928
129 269
129 482
132 198
133 221
133 284
134 257
134 289
134 316
134 334
135 166
135 352
135 619
136 248
136 870
139 507
139 756
140 500
142 709
143 315
143 335
143 451
144 186
144 204
144 575
144 762
145 363
145 753
146 345
148 486
149 158
149 210
149 432
149 939
150 362
150 434
150 661
150 673
151 391
151 535
152 243
153 437
154 822
155 254
156 236
157 273
158 171
158 173
158 193
158 805
159 793
160 195
160 238
160 250
160 426
160 485
160 666
161 197
161 323
162 372
162 510
163 717
165 176
165 223
165 304
165 330
165 568
165 772
166 203
166 207
166 389
166 731
167 622
167 894
168 241
168 675
169 297
169 606
170 464
171 527
171 612
171 775
172 607
172 945
173 215
173 412
173 676
173 786
174 182
174 592
174 968
176 266
176 344
176 421
177 779
178 462
179 832
182 299
183 647
184 188
184 498
184 678
185 487
186 532
187 343
187 427
187 982
188 212
188 529
189 214
190 590
190 640
191 301
192 233
192 312
192 541
192 695
193 598
195 271
195 496
195 973
196 397
196 539
197 270
197 570
197 577
198 246
198 333
199 356
199 652
199 914
201 282
201 311
201 442
201 645
201 916
202 538
202 585
202 639
202 803
203 693
203 807
204 288
204 376
204 549
206 220
208 906
209 627
210 325
212 278
212 324
213 276
213 520
213 635
214 415
214 596
214 641
214 725
215 303
215 821
215 830
216 360
216 892
216 911
217 404
217 953
218 544
218 735
219 227
219 610
220 435
221 237
222 766
222 871
223 232
223 240
228 242
228 244
228 287
229 504
229 710
230 285
230 374
230 624
231 702
237 441
237 460
237 591
238 517
238 872
238 879
239 339
239 351
240 382
240 966
240 977
241 926
242 398
243 553
243 616
243 671
244 420
245 604
246 296
246 332
246 388
247 1000
248 436
248 785
248 933
249 342
251 298
251 579
252 625
252 858
252 991
253 842
255 353
256 744
257 386
258 630
259 380
259 758
261 628
263 522
263 910
264 519
265 431
265 617
267 366
267 371
267 414
267 835
268 275
268 524
270 410
272 551
272 951
273 348
273 578
274 642
274 828
276 279
276 307
276 320
279 457
279 868
281 306
281 974
282 967
283 401
283 595
285 993
286 300
286 653
287 448
287 790
289 357
289 634
291 611
292 618
292 718
293 509
293 817
294 317
294 419
295 811
297 379
297 686
299 407
300 806
301 305
301 340
301 657
303 508
305 546
306 554
306 795
306 948
307 536
307 694
307 934
308 764
312 668
312 829
314 836
315 876
317 720
318 378
320 513
320 907
324 646
325 384
325 484
327 512
329 626
329 664
329 994
330 447
330 715
330 930
332 364
332 446
332 454
332 740
333 459
334 346
338 472
339 674
339 677
342 631
342 808
342 851
342 999
346 387
348 599
351 359
351 400
351 650
351 957
353 826
356 689
357 468
359 361
359 385
359 989
360 814
364 696
364 763
365 514
369 713
372 632
374 433
377 559
378 406
379 621
379 659
384 562
385 392
385 530
387 819
388 395
390 463
390 493
390 959
390 961
391 465
391 492
392 555
393 418
394 440
395 526
395 629
395 771
396 424
396 425
396 980
397 691
398 998
399 841
403 574
403 938
404 654
405 638
406 408
406 683
406 736
408 494
409 784
409 888
410 476
412 593
412 964
416 422
418 528
418 564
418 860
419 581
420 748
421 423
421 658
422 558
423 711
424 450
424 839
426 428
426 747
426 834
427 516
428 852
428 990
429 547
430 444
430 867
430 983
431 478
431 899
432 589
432 656
434 471
435 452
435 853
435 923
435 972
436 794
437 903
439 443
439 726
440 477
443 662
443 931
448 824
450 672
451 597
451 660
454 480
455 537
455 561
457 840
458 503
458 765
458 838
461 523
461 533
462 688
462 952
465 971
466 767
466 823
469 827
471 721
472 708
473 481
473 810
476 495
477 488
477 730
478 776
478 895
485 649
486 976
487 490
490 540
492 875
495 896
496 789
499 566
500 515
500 818
502 690
504 576
506 511
506 543
506 548
506 929
508 975
509 742
512 728
512 882
514 815
516 586
516 988
517 560
521 719
523 722
524 682
525 644
525 969
526 797
527 849
528 751
530 844
535 608
535 667
536 843
536 962
537 960
538 552
539 663
542 588
542 605
543 614
543 681
543 761
544 712
545 902
545 917
546 665
546 698
548 707
549 778
552 855
552 992
553 918
557 813
559 743
561 703
561 757
561 920
562 997
563 699
565 985
567 680
568 847
570 670
570 777
578 583
578 685
578 700
578 809
579 739
582 737
585 897
586 706
586 741
591 955
595 643
596 880
599 954
600 866
609 831
609 898
610 745
611 669
613 723
613 845
620 802
624 909
628 755
629 636
630 769
632 921
643 904
650 941
657 796
665 770
665 857
668 701
669 750
675 979
679 864
681 687
682 913
684 705
688 854
692 943
695 760
695 891
697 901
698 935
700 746
700 856
706 714
711 738
712 873
713 885
714 716
714 798
715 780
715 915
722 848
730 922
742 754
743 981
752 774
753 893
753 937
754 801
754 970
754 986
762 825
762 947
768 781
768 924
771 878
773 978
780 887
785 889
788 874
788 925
806 958
815 984
824 932
831 846
833 869
840 886
841 890
849 956
851 963
851 995
852 944
862 881
865 900
867 912
868 950
874 877
885 919
907 908
3 555 73585
1 375
1 434
2 58 97100
1 92
1 144
3 592 36924
1 885
2 493 43631
2 577 25248
2 562 59430
3 996 54616
1 240
2 247 94395
3 732 55414
2 482 60967
2 262 35344
2 442 62380
2 251 5305
2 314 31730
1 466
3 923 13211
1 535
3 522 45708
1 950
1 214
2 963 25167
2 211 81925
2 89 44722
2 233 87806
3 632 14918
1 394
3 814 13184
2 252 51715
1 997
2 799 98005
2 982 14726
1 87
2 659 79006
1 832
3 486 42735
3 720 55767
2 292 51794
1 952
2 462 90352
2 246 66826
2 173 95466
2 627 350
2 328 60399
2 818 87563
1 95
3 553 34953
1 94
1 974
3 113 44802
2 644 96598
2 563 13462
1 946
2 337 44114
2 879 77272
2 364 72204
1 943
3 31 50233
1 868
3 67 20375
2 906 7245
1 917
1 564
1 625
2 419 63428
1 793
2 119 28016
1 968
1 849
1 81
1 804
1 55
1 953
2 286 61215
1 702
3 366 19224
2 663 99989
2 368 30963
3 795 21246
2 232 70354
3 573 25001
2 622 37054
2 806 92067
2 899 24688
3 192 365
1 259
2 374 83294
2 156 24121
2 93 21966
1 284
1 65
2 957 60047
1 614
2 184 30598
3 362 14377
3 514 53187
2 635 3500
3 346 62820
2 119 71881
2 564 42617
1 58
2 298 25882
1 973
2 547 52652
3 46 3913
3 499 68146
1 892
2 285 769
3 562 78425
2 171 76572
2 165 2223
2 647 56319
2 336 54026
1 718
3 405 65299
3 715 23007
1 545
2 719 61712
1 214
2 456 3746
1 166
3 33 33417
2 713 26556
1 820
3 351 63092
3 726 61189
1 869
3 944 56554
1 502
1 580
3 918 45828
1 937
2 746 23288
1 2
1 808
2 764 42534
2 260 49999
1 390
1 271
3 607 5610
3 202 69093
2 340 6124
3 829 94993
2 580 45091
3 272 15113
2 12 15945
2 585 86120
2 860 10927
1 939
2 846 20064
3 633 97235
2 679 98512
2 984 17982
1 523
2 358 99752
1 269
3 279 95938
1 17
3 640 87583
2 256 4295
3 247 39330
2 961 37749
2 259 84062
3 688 23545
3 578 53939
1 364
1 844
3 533 66034
2 178 84677
3 793 6196
2 388 6141
2 857 4617
1 79
2 949 30733
2 589 67491
3 595 17751
2 464 56524
1 430
2 184 64297
2 50 66713
1 968
3 799 92720
2 613 45821
2 306 73990
2 865 51699
1 563
2 157 85789
1 15
2 693 26107
1 39
2 696 59420
1 502
2 796 50785
1 135
2 10 54774
1 423
1 76
1 180
1 759
1 58
3 970 70899
2 33 89157
2 421 77446
2 251 25527
2 334 27757
1 531
1 444
3 423 94799
3 439 56234
2 19 29076
3 597 3045
2 872 30207
3 660 46349
1 328
3 662 8635
2 285 90257
1 417
3 673 87966
3 639 84520
1 75
2 34 10039
1 585
3 943 40247
1 193
3 102 21276
3 662 8919
2 624 76119
2 95 76411
1 393
1 545
2 878 11398
1 44
2 184 19043
3 689 49966
2 134 48508
1 228
1 47
1 624
1 94
3 201 3395
3 736 81414
1 687
2 166 67502
1 22
3 477 75952
2 108 22557
2 991 94318
3 421 76615
2 458 16201
3 903 89184
3 198 6756
1 972
2 206 77838
2 799 70038
2 263 82394
1 71
3 441 8538
1 165
3 826 2346
1 609
1 995
3 638 36720
3 967 22598
2 97 23595
2 476 60040
1 648
1 875
1 76
3 919 39937
2 636 29925
2 226 82082
3 249 12643
3 604 3117
3 209 1482
2 87 74496
2 333 43061
1 190
2 905 20753
2 965 36093
3 754 20683
2 488 81944
2 544 69214
2 337 42154
1 432
2 492 8406
2 693 4251
1 250
1 185
2 934 31655
1 390
3 784 97405
1 902
2 926 59489
1 952
3 355 62931
2 196 93094
3 870 76581
3 217 98144
3 961 13580
1 940
1 16
1 175
1 796
3 563 45392
3 115 11390
3 485 24302
1 759
3 976 50381
3 851 24118
3 285 55672
1 231
3 885 6379
3 308 67585
3 436 20845
3 579 27083
2 268 67487
1 976
3 238 34662
3 31 97807
3 766 28282
1 135
2 771 88049
3 717 47410
1 349
3 396 35222
1 239
2 294 42498
2 180 54409
1 616
1 989
1 612
3 550 13624
2 589 3311
1 434
3 58 89976
2 200 6978
3 510 50052
1 252
2 858 55622
1 309
3 788 69845
1 713
1 330
1 274
3 371 30722
3 985 51378
2 888 49180
3 414 31602
1 73
3 640 71562
3 668 76981
3 871 50848
1 974
2 189 73785
3 536 73836
1 976
1 957
1 433
1 917
1 256
2 590 16386
2 849 18373
3 401 47333
2 588 25609
3 545 94928
1 824
3 791 43776
1 820
1 864
3 319 65724
1 781
3 291 11391
2 938 77343
1 467
2 90 39225
1 787
2 341 81793
2 685 4214
3 85 61968
3 881 22167
2 685 81192
2 76 56411
3 366 57791
2 454 74341
3 937 35587
1 941
1 175
3 806 40134
3 58 9996
3 773 53142
1 937
2 678 37159
3 476 90651
2 573 51022
3 479 15010
3 589 40998
2 834 3617
2 927 15794
1 844
2 904 96148
1 206
2 69 44916
3 709 83072
3 279 61908
1 817
3 766 46152
3 179 68216
1 393
1 565
3 821 96892
3 151 29579
3 839 97752
1 950
3 220 57900
1 391
2 178 75760
3 780 25124
2 341 30500
3 865 93019
3 594 46249
1 637
3 587 79623
3 805 59115
3 659 51801
1 443
2 380 54328
2 567 89242
1 501
2 480 92281
3 481 29370
3 493 8087
3 553 39312
3 156 73146
2 189 98149
3 511 510
3 259 83908
2 460 76181
3 89 58608
3 891 57248
3 528 79296
1 193
2 618 60542
1 877
2 983 89728
3 317 27442
2 857 61703
1 794
3 326 33738
2 322 45979
3 500 98963
3 434 9583
1 431
1 719
2 328 22445
1 90
3 247 48417
1 684
1 564
3 736 671
2 230 92242
3 18 37500
3 730 11651
1 390
1 60
2 625 57839
2 734 1329
2 402 54712
3 431 98366
3 569 63782
1 242
2 306 92844
1 618
1 816
3 176 96525
1 770
3 569 39914
2 815 75971
2 52 95710
1 704
1 619
1 683
3 449 49548
3 753 10127
2 924 53333
3 510 7355
2 118 55163
2 973 91003
2 585 26402
2 145 53715
3 555 41448
2 230 82056
2 579 56688
1 991
2 625 41111
1 920
1 701
1 185
1 95
1 215
3 317 59415
3 389 22657
3 303 60186
3 571 95421
1 927
2 133 96484
1 417
1 606
3 733 3769
2 213 5238
3 293 10712
2 764 69930
3 679 24003
3 905 9576
2 561 42161
1 624
3 972 98269
1 822
3 259 78141
2 322 87655
1 72
3 218 75576
1 627
2 105 47427
1 971
1 750
1 958
1 771
1 607
1 797
2 787 67267
3 207 51189
2 490 93748
1 352
3 661 43808
3 221 25914
3 825 21952
1 694
3 61 80139
1 684
2 739 7460
1 502
2 465 82655
1 196
3 182 73263
1 267
2 691 9882
1 540
1 14
1 562
1 312
3 467 10876
1 947
2 208 59507
1 156
3 948 30597
3 722 57749
2 664 78005
2 368 65868
3 632 5239
3 840 73051
2 383 66913
3 585 51154
2 170 18259
2 461 43519
1 73
3 386 67002
2 635 49450
1 980
3 98 85300
3 739 12919
1 172
1 934
2 100 18521
3 832 80929
1 411
3 269 91920
2 328 3530
3 1 27016
3 328 32117
3 54 8077
3 257 55036
2 132 26107
3 845 34385
3 485 12272
1 137
1 833
1 609
1 4
1 69
1 859
2 526 25045
1 77
3 318 14035
2 80 66360
1 507
2 359 52143
1 800
3 444 7111
3 465 38044
2 483 30054
1 257
1 387
2 720 59908
2 569 78602
2 519 69920
3 35 9825
3 122 91763
2 337 55656
1 809
3 467 54910
2 804 34154
2 125 36223
1 736
2 181 38471
2 421 41689
1 907
1 954
3 630 55384
3 429 61213
3 31 36055
3 184 82063
2 804 32789
2 637 47465
3 267 36769
3 390 5268
3 44 87724
1 188
3 314 67815
3 49 11814
3 319 69831
3 681 95240
2 506 94024
1 729
2 509 79306
2 242 18388
3 781 97981
2 626 19788
3 213 68778
2 516 45360
3 992 32783
3 342 98552
3 172 53631
1 434
1 314
2 914 46743
2 324 92026
3 529 82209
2 151 68989
1 454
2 599 38899
1 374
1 832
3 2 49710
1 248
1 682
1 553
3 967 76547
2 59 44632
3 913 67269
3 910 39445
1 531
2 450 994
2 188 25123
1 674
2 828 54384
2 996 7667
2 686 53029
1 413
3 479 40939
3 444 83037
2 45 32088
3 54 36836
1 885
3 922 15410
3 581 78592
2 319 75827
3 479 33685
3 516 98892
3 747 64569
3 151 31676
3 376 14956
3 315 42436
2 696 31657
1 589
1 2
1 753
2 223 84783
2 293 98236
1 568
2 337 71490
1 248
1 658
2 758 25839
1 116
2 122 73185
1 259
2 32 11341
3 45 17264
1 88
2 536 98619
2 421 89795
2 648 32224
1 434
2 353 17125
1 195
3 857 48226
3 995 45816
2 152 17840
1 478
1 522
3 435 24933
3 440 27152
3 235 76890
2 802 14643
1 304
3 811 38046
1 656
1 23
1 354
1 558
1 156
2 975 18631
1 433
2 785 27947
3 435 20966
2 964 44423
3 547 71179
2 415 15803
3 216 77576
1 510
3 740 152
1 635
1 338
3 498 37876
1 608
2 73 39392
2 702 28399
1 667
3 132 80739
1 258
2 264 91790
1 887
2 598 1960
2 173 18129
3 457 28405
3 374 29565
1 507
2 192 18735
3 30 28534
3 912 24016
3 467 92446
3 803 91923
1 941
3 898 2388
1 883
1 928
2 754 34633
3 372 45474
1 150
2 205 37766
2 882 4596
2 210 6255
1 485
3 29 25097
2 585 21766
3 283 44004
3 291 64989
3 547 5181
1 907
1 198
1 799
1 125
2 372 15270
1 290
2 602 60812
1 200
3 374 49542
1 713
2 417 795
3 38 33897
3 223 54660
3 415 58580
3 152 4872
2 498 47189
2 460 72952
3 786 87960
2 159 17117
3 472 90543
1 260
2 67 2424
2 151 24842
2 17 45446
1 879
2 884 11064
3 101 52593
3 737 74326
3 553 99558
2 723 33946
2 172 62290
1 352
1 537
1 932
3 484 53058
1 574
2 272 646
1 772
3 787 40518
1 187
2 279 31823
1 928
2 78 91723
2 243 19785
3 108 65791
3 730 59305
3 882 45517
3 824 40463
2 545 10561
2 538 86563
3 203 56678
1 457
2 672 93491
1 212
3 626 66196
3 988 90034
3 644 2794
1 408
3 639 41051
1 762
1 137
2 707 70915
2 796 6979
1 613
2 698 16608
3 264 58179
3 579 98899
2 913 13150
3 329 62054
2 124 16356
1 110
1 779
1 159
1 511
2 145 36756
3 971 24095
1 921
1 421
1 880
3 987 45129
2 656 7680
2 775 64463
3 383 90262
2 186 53032
2 217 55923
2 263 42778
2 998 6776
1 308
2 169 15379
3 553 3598
3 514 43973
3 146 87391
3 573 54413
3 612 40642
3 535 31206
3 521 49585
3 890 2806
2 90 97350
3 259 28174
2 34 2639
1 252
1 613
1 47
2 815 39417
2 34 33453
3 822 52771
1 727
1 109
1 697
2 49 25201
2 382 94790
3 280 62583
2 301 42520
2 517 88824
2 718 37728
3 727 32326
3 368 90018
2 700 80730
3 661 36338
2 119 31576
1 69
3 543 30501
1 257
1 860
2 776 72575
3 940 64080
3 945 10678
1 975
1 593
3 491 87934
2 417 98550
1 754
1 931
3 421 5096
1 641
2 634 36784
1 312
1 580
3 169 58804
3 217 87359
2 188 18493
1 313
2 942 52008
3 633 68429
1 123
1 349
3 677 15688
1 622
2 141 1765
2 901 29298
1 269
1 782
2 969 13626
2 109 67857
1 901
1 755
2 267 21902
2 404 52372
2 356 38324
3 986 93443
2 381 204
3 90 15608
1 162
1 275
3 493 35396
1 776
2 887 92352
3 402 45183
2 257 56782
2 943 85771
2 749 59097
2 738 28606
2 479 66366
3 876 13865
3 427 45123
1 774
2 734 87795
2 630 62857
1 476
1 279
1 85
2 560 35135
3 223 97631
1 862
3 144 67227
3 121 80898
1 307
3 479 46920
2 428 4152
3 815 93641
3 549 44838
3 369 90709
2 999 95625
3 468 59163
3 400 755
1 33
3 138 53143
1 36
1 445
2 322 67154
1 464
3 32 44726
2 849 79070
2 709 6453
3 286 50697
3 574 35537
1 50
3 101 98224
2 811 5839
3 432 49557
1 818
2 398 93224
1 992
1 199
3 363 42363
1 540
2 352 68984
2 653 27199
3 244 76260
1 802
3 790 441
3 172 34928
2 713 36359
2 573 80778
2 891 25484
3 265 56912
1 643
