1000 1000
20313 68105 95395 26848 92330 23130 76051 72511 33133 26808 80272 17872 11468 45831 46715 78921 3009 56304 84819 9462 44420 72381 38907 74044 28837 90359 81151 59291 85275 59691 64473 88319 4471 86696 13549 9800 50245 51025 46716 87614 8678 94879 50050 40528 70507 6177 2894 71207 68430 99167 3313 13652 28898 442 60042 70757 30213 9406 63672 65670 62823 54143 28394 78974 16366 31985 84493 72095 68519 80744 67299 27800 87303 60701 74729 72454 96692 99826 66699 70551 98168 34912 13569 84425 1868 26470 73842 74749 32217 25839 48076 2433 50183 20659 72973 63789 77510 25568 26735 4735 54681 37707 84277 35716 74846 34580 54449 72534 26309 18528 43833 74227 33319 40821 32121 1012 74033 11099 24447 43320 80388 31814 27316 65210 66171 81410 26435 366 57820 77112 32593 12421 40876 74555 45458 41727 50878 5501 52249 64443 88034 94506 52156 45344 33752 50864 5464 89127 98245 13805 96382 94497 95320 50446 32025 59606 62720 53949 7216 83128 67370 21986 30235 37936 65154 95566 13166 1272 39996 29887 16620 32993 10040 77192 6489 61473 99009 94580 91631 95166 46007 49646 42450 75632 58258 94595 56233 87385 38863 22618 79182 78091 7491 62641 85632 23086 88306 36036 11249 99233 24856 76933 97470 60023 76921 42346 57827 61223 3141 27618 54550 71336 9021 36021 37423 40101 72746 35606 84137 8895 63181 95215 4473 60813 54168 39221 13184 44770 54689 69888 93616 36444 6810 7059 17042 41416 33833 42607 30265 67161 6062 18995 11266 66879 67279 87848 77923 35415 13365 481 5633 68486 39917 92088 6054 44746 3341 48910 31118 43049 98208 68485 86906 93201 88809 31509 12378 10514 5477 18824 33474 74306 55598 14829 68962 15815 85969 93549 35526 4855 99422 33359 20395 24588 38010 84476 64482 80173 32417 15922 87272 46307 71434 47047 90053 4652 92197 97678 29821 53118 87248 7646 75211 92446 56689 78215 98155 26637 92484 4686 82650 64644 39932 34240 12483 33524 78104 24102 15970 70258 79927 39635 92603 2918 38127 6830 79701 36426 53867 57706 32284 81778 60437 4859 53236 81290 16271 62650 90398 77238 66226 42892 2895 7177 41324 14380 23234 87371 68389 84842 41410 89252 58689 8418 36854 91446 80879 613 63036 5962 28506 35016 53906 33749 99963 6241 69829 62439 1584 7633 88229 2422 43897 15397 73042 47537 12533 75490 7729 11548 4238 53561 24085 11047 59574 75809 47783 53449 42080 43348 16218 34818 47488 81376 6869 40284 5467 4365 41881 3156 95878 32500 13742 57995 17731 19562 22267 28932 54833 82339 24207 25588 41486 636 91555 94237 32693 34952 103 3720 92982 8341 13966 77266 51798 92049 14127 3410 73354 56950 44018 85981 5791 65340 93340 32168 97042 18139 29833 1903 50600 75390 3845 70398 94842 87184 46949 3465 38700 24527 55064 76701 28654 71646 73892 43297 74780 39344 39299 26570 11505 99775 76561 12048 11920 36563 71965 17135 45973 41552 64569 52420 98357 32276 45152 8439 91693 92193 32367 92419 9375 30676 85578 16185 63369 38422 9233 96929 74710 10470 1754 43211 97822 44999 87028 82867 53541 78569 56089 13922 12346 80657 94896 78729 72799 56815 28519 8557 66533 14051 46718 56559 82809 71346 59311 27884 48232 81923 85661 75824 83769 87524 37536 83780 58164 22901 68901 45473 38173 10725 51883 61008 81504 62618 42537 25630 83089 46768 9963 96747 79966 73639 93225 32627 8161 13061 61020 35189 63178 9192 19189 87256 74579 15590 47625 49554 77439 43530 88641 73184 42577 60935 45714 95494 58883 6368 23487 38585 22029 7691 30515 65700 65287 45651 67499 80170 59580 19628 82727 8833 51421 14418 62302 97213 31520 3884 75486 80950 38384 76592 4539 70061 77907 48468 54106 52777 10567 83022 9236 37987 96356 77741 99143 57405 48407 45657 88177 37935 69267 29222 3680 88458 11716 75465 80020 65002 79382 535 66727 32225 93229 67981 71039 63601 2527 27174 14326 25123 86993 55566 5613 10220 25016 93969 99394 21350 35892 9482 13267 56876 52288 69168 83259 69856 36149 15855 24075 98534 26922 50735 66188 96840 86586 27015 35268 80009 26813 30480 54105 39093 78264 4504 57263 35900 48252 32309 57587 37422 10479 76209 45653 10172 56494 62338 56497 20517 26332 11155 25479 37050 2500 3576 18665 9658 99337 38908 9200 40334 35887 52634 35611 92052 29471 39082 35026 20305 26464 72792 18287 25056 43064 29862 24012 73570 4819 68194 35185 60381 21742 76682 85766 27285 69131 68959 28931 80791 91250 91686 93769 25044 88259 63760 72590 29738 55086 64099 64688 49964 53731 98411 72243 2891 14328 26373 85771 54175 22187 91133 43087 75203 82782 49540 63743 58029 85922 27155 76533 97586 88111 27969 25924 92146 65978 4036 99270 4743 93238 82258 23894 77883 80022 62923 44830 21848 42035 15503 26472 7020 39397 89578 87739 34196 4170 44922 74399 37575 91033 9220 66248 30166 33787 40447 7517 57643 96896 57987 49157 43709 67729 77966 11695 29752 58608 69191 87933 34347 20300 5243 32008 34478 49021 72938 79576 5991 2797 86655 27280 15627 99909 70098 36118 70780 14138 40682 66473 56454 33421 74707 60698 80277 80565 34875 68021 12373 97206 30342 60980 43847 17470 38642 19187 25769 76126 15288 88207 2236 35500 11523 80553 89512 48573 44787 87759 34923 86554 933 97287 73915 56337 37803 80597 8573 57785 38503 57969 50006 60677 16092 26673 95980 67880 79633 38535 74004 56048 94861 67424 48930 43656 96121 68040 36241 79031 20867 54992 31240 57253 74108 48355 5185 36976 63749 7425 89635 85692 85346 38474 7220 49632 16043 19739 66095 39786 78131 40553 38088 2257 57003 44741 67808 72037 73976 23395 5710 51256 31864 97163 7657 39859 98783 84445 4960 37154 15118 97542 14081 52787 95068 21019 57515 50653 76643 66796 83573 38909 27504 34706 87353 93022 16385 57400 64628 25433 31583 88676 2305 84712 63848 1814 3543 90358 60644 90868 40807 46523 99869 34439 41951 50703 72819 47270 102 52009 95633 76962 13716 72697 26165 36649 99175 72056 47522 89962 66471 25405 8645 97046 61847 2106 65037 90884 47252 57167 22667 52243 41704 4707 51326 3676 64592 12226 68009 70386 75576 19637 85794 26121 51732 17398 79863 89405 58800 7513 26936 53366 35152 18642 46326 75025 56836
1 2
1 12
1 25
1 147
1 188
2 3
2 9
2 13
2 77
2 85
3 4
3 16
3 87
4 5
4 8
4 22
4 31
4 121
4 960
5 6
5 7
5 26
5 226
5 253
5 529
6 24
6 128
6 216
6 567
7 112
8 11
8 21
8 42
8 244
8 352
8 622
9 10
9 15
9 18
9 19
9 946
10 17
10 20
10 49
10 64
10 78
10 170
10 506
10 919
11 14
11 33
11 67
11 114
11 155
11 192
12 30
12 59
12 289
13 32
13 54
14 28
14 34
14 125
14 294
14 876
15 48
15 68
15 93
15 138
15 205
15 718
15 878
16 74
16 76
16 593
17 55
17 80
17 84
17 105
17 165
17 221
17 250
17 261
17 431
17 526
17 735
18 29
18 44
18 66
18 118
18 120
18 227
19 90
19 159
19 180
19 213
20 23
20 73
20 281
20 664
20 775
21 35
21 53
21 248
21 786
22 89
22 98
22 207
22 377
23 88
23 711
23 784
23 872
24 27
24 131
24 259
24 353
25 37
25 103
25 152
25 162
25 851
26 36
26 39
26 83
26 571
26 910
27 38
27 50
27 79
27 323
27 412
27 795
28 100
30 436
31 60
31 81
31 82
31 132
31 449
32 899
33 46
33 335
33 404
33 466
34 40
34 58
34 206
34 389
34 515
34 646
34 768
35 56
35 401
35 882
35 945
36 41
36 57
36 140
36 183
36 230
37 43
37 195
38 70
38 91
38 148
38 156
38 405
38 632
39 95
40 149
40 232
40 478
41 51
41 63
41 153
41 303
42 358
42 542
42 592
43 47
44 45
44 311
45 110
45 505
45 788
45 900
46 144
46 225
46 344
46 480
46 618
47 52
48 320
48 330
48 820
49 71
49 104
49 154
50 173
50 201
50 322
50 444
50 492
50 644
50 663
51 141
51 270
51 503
52 194
52 615
52 988
53 102
53 595
53 637
54 301
55 94
55 263
55 363
55 616
56 72
56 417
56 437
56 808
57 62
58 191
58 486
59 61
59 75
59 92
60 65
60 69
60 290
60 331
60 804
61 127
61 318
61 541
61 794
62 947
63 384
64 119
64 123
64 421
66 111
67 135
67 169
67 178
67 398
67 726
68 161
69 501
73 96
74 115
74 395
75 97
76 164
76 223
76 282
77 109
77 124
77 139
77 171
77 247
77 491
78 108
78 117
78 269
78 334
79 222
79 267
79 354
79 394
79 463
79 837
80 209
80 386
80 447
80 508
81 86
81 133
81 187
81 391
81 620
81 806
83 158
83 273
83 452
85 99
85 550
86 655
87 300
87 403
87 862
88 185
88 472
88 524
88 907
89 427
90 137
90 424
90 785
91 122
92 189
92 258
93 396
93 734
93 807
94 106
94 224
94 295
94 532
95 107
95 390
96 236
96 476
96 751
97 130
97 498
97 952
98 101
98 167
99 202
99 341
99 347
99 442
99 499
100 113
100 285
101 172
101 181
101 702
103 217
103 265
104 145
104 242
104 306
104 339
104 769
105 342
107 116
107 134
107 176
108 902
109 407
109 514
109 715
109 856
110 136
110 373
110 464
110 911
111 308
113 126
113 177
113 400
113 509
114 266
114 397
115 329
115 420
115 602
115 683
116 186
116 229
116 888
116 918
117 197
117 211
117 255
118 214
118 392
119 220
119 286
119 787
120 200
120 846
121 208
121 610
121 990
123 129
123 450
123 568
123 633
123 634
124 709
125 670
126 233
126 312
126 367
126 712
126 913
127 489
128 142
128 240
128 445
128 457
128 691
130 531
130 651
130 693
132 350
132 487
132 507
132 800
132 849
133 175
133 237
133 630
134 859
134 993
135 151
135 218
135 697
135 916
136 243
136 906
137 166
137 315
137 316
137 519
137 606
138 357
139 146
139 160
139 228
139 276
140 143
140 465
141 150
141 467
142 157
142 184
142 516
142 881
143 168
144 460
144 483
144 835
146 182
146 328
147 613
148 562
148 597
149 349
150 245
150 451
150 747
152 629
153 204
153 298
154 190
154 441
154 950
155 256
155 439
155 840
156 203
156 366
156 385
156 488
157 422
157 518
158 163
158 210
158 624
160 694
160 722
161 586
161 733
162 477
162 522
162 797
162 965
163 174
163 482
164 179
164 212
165 570
166 469
167 638
168 241
168 608
169 759
170 364
171 198
171 443
171 752
172 252
172 714
173 324
173 975
174 274
174 360
174 481
175 199
175 272
176 549
177 215
177 365
177 473
177 873
178 560
180 576
182 262
182 264
182 326
183 279
184 231
184 307
184 517
184 528
185 283
185 393
185 917
185 983
186 196
187 193
187 257
187 500
188 530
191 556
192 563
192 700
193 669
195 280
195 842
196 677
197 553
197 980
198 287
198 369
198 520
198 942
200 724
201 870
202 340
203 854
204 309
205 698
206 234
206 260
207 219
207 246
207 325
207 879
208 254
209 249
209 277
211 235
211 455
212 238
212 370
213 305
213 372
213 944
215 336
215 587
216 319
217 371
218 346
218 485
218 502
218 538
219 239
219 744
220 268
220 415
221 410
222 380
222 406
222 643
223 251
223 292
223 418
223 569
227 317
227 981
228 799
229 374
229 496
229 559
230 604
231 291
231 590
231 605
231 681
232 271
232 661
233 327
233 933
234 278
234 688
234 935
235 288
237 511
237 738
238 614
238 692
239 426
239 588
240 680
240 773
241 423
241 728
242 434
242 554
242 731
243 284
243 461
244 703
244 783
245 275
245 343
247 337
247 402
247 927
248 321
249 333
249 884
250 297
250 433
251 471
255 399
256 299
257 293
257 573
257 627
259 359
259 453
260 839
262 996
265 338
265 521
265 678
265 770
266 411
266 710
267 792
268 495
268 707
271 314
271 847
273 345
273 425
273 533
274 713
274 866
275 594
275 886
276 388
277 642
281 302
281 361
281 577
282 656
283 685
284 645
284 658
285 790
286 310
286 504
287 408
288 296
289 381
289 719
293 966
295 304
296 409
296 555
296 973
297 351
298 938
300 332
300 591
301 890
305 368
305 448
306 789
306 930
307 540
309 313
309 355
309 378
309 435
311 858
311 943
312 877
314 581
314 582
314 635
314 761
315 432
315 536
317 625
317 652
318 640
318 672
319 362
319 539
319 641
320 458
321 754
321 985
322 833
324 674
325 356
326 596
326 729
326 767
326 974
327 413
327 657
328 639
329 936
330 579
330 817
333 379
334 695
335 953
336 564
336 995
337 387
337 429
340 376
342 575
344 827
344 864
347 348
347 525
347 547
347 648
349 551
350 382
350 383
351 760
354 667
358 419
358 459
358 612
359 438
360 375
361 834
362 603
365 534
365 750
366 414
367 857
370 896
371 939
373 844
377 584
378 746
378 816
379 682
380 430
384 462
387 755
387 976
389 821
389 934
391 456
391 666
392 479
394 745
394 860
395 780
396 967
397 720
398 510
398 676
399 484
400 428
401 494
402 777
404 561
405 565
405 636
406 619
407 599
408 671
411 527
413 416
414 706
415 989
417 925
418 440
418 716
418 814
420 893
422 853
424 583
424 617
430 875
433 891
436 446
437 474
437 566
438 535
439 454
439 548
440 968
441 468
441 668
441 781
442 475
442 748
442 812
443 689
444 948
448 979
451 994
451 1000
453 574
455 701
455 819
456 558
461 513
461 545
461 741
467 470
467 600
468 699
469 704
469 865
470 490
470 557
471 523
471 732
471 765
472 493
474 798
475 607
475 626
480 552
486 546
488 957
493 811
494 497
499 826
500 823
501 659
502 628
503 961
504 578
505 512
505 753
509 543
513 673
514 684
514 825
516 580
517 721
518 998
519 675
519 955
520 621
521 730
521 736
522 836
524 793
524 897
525 723
529 740
530 662
530 909
531 912
535 537
536 791
538 544
539 660
539 771
540 898
542 717
548 572
552 665
553 654
556 887
557 696
557 845
558 828
558 861
561 941
564 868
568 956
569 949
570 611
572 924
573 609
578 585
578 739
582 758
584 650
584 687
585 589
585 928
586 623
586 779
586 892
587 802
589 649
591 810
591 871
594 598
594 679
595 848
596 737
598 763
599 631
599 653
599 903
600 601
600 895
601 815
602 705
604 999
605 830
609 774
609 885
609 915
611 977
615 940
622 647
624 727
627 978
628 757
632 932
633 867
634 778
638 863
640 690
648 824
651 931
652 843
654 756
656 880
658 686
658 852
661 901
662 803
665 894
667 742
672 869
673 743
674 772
676 991
677 708
678 838
682 749
687 923
687 954
688 929
696 725
696 970
704 805
706 908
711 841
713 962
720 766
726 855
729 922
731 850
734 829
736 776
738 818
739 764
739 972
743 813
747 920
752 782
753 762
757 832
758 796
773 958
775 801
776 831
782 921
796 809
799 986
801 874
807 822
811 914
813 905
833 883
838 904
838 997
841 969
844 984
870 963
884 889
887 964
889 951
890 959
906 926
906 937
946 982
953 971
974 992
978 987
1 576
1 935
1 395
3 719 68699
2 421 89481
1 512
3 602 84649
1 35
1 71
1 506
3 48 75225
1 616
1 845
3 811 19449
3 798 54728
2 337 65811
3 671 24299
3 978 58784
3 422 57963
3 157 55961
2 155 47587
2 954 97867
3 344 21351
2 692 39546
2 181 15199
1 341
3 253 44457
2 469 87478
3 645 86196
1 29
2 563 37304
1 735
1 235
2 354 62209
3 157 77027
2 946 40418
3 795 69930
3 917 24696
2 944 71488
3 584 49667
2 797 822
1 706
1 752
2 236 94712
2 140 87585
2 414 78140
2 915 39464
1 159
2 416 73248
2 874 74937
1 501
3 728 50487
2 760 60238
1 731
3 303 29207
3 890 98835
1 822
2 658 8117
1 718
2 398 43132
3 280 7096
3 299 25333
3 550 18667
3 569 21066
1 616
2 221 76002
2 1 68842
1 645
1 305
3 414 4809
1 594
3 60 18950
1 11
3 688 80200
2 259 48917
3 57 43541
3 792 44268
1 611
1 923
1 258
2 684 19505
1 419
1 139
2 580 45901
2 318 88857
3 680 98028
3 44 98482
2 354 61957
1 340
3 840 92741
1 481
1 389
2 820 93371
1 698
3 11 12154
3 379 53325
3 83 46939
2 976 88063
1 906
2 327 90578
1 481
3 756 89073
3 690 51773
1 841
2 352 87036
1 431
1 427
3 457 72028
2 422 64684
1 152
2 527 22009
2 376 41145
3 644 5438
3 459 48386
2 304 69995
2 441 74064
3 20 17961
1 114
2 837 10201
2 931 54601
1 262
2 290 22801
1 987
3 827 77194
1 263
3 686 34560
3 544 66171
3 202 41528
1 456
3 62 27624
3 338 98719
1 34
3 739 25375
1 46
2 622 4189
1 772
2 745 17332
1 629
1 750
1 806
2 850 23336
3 790 11942
2 327 85519
3 85 15748
2 509 47677
1 181
1 275
3 775 246
1 259
1 561
1 245
2 308 99836
2 908 39869
2 594 77487
1 638
3 266 43545
3 792 17053
3 98 68440
2 205 90775
3 952 74850
3 328 8129
1 796
1 873
3 998 7443
2 945 79886
2 891 40071
2 80 3731
2 54 66568
2 209 53419
3 129 64993
1 861
3 478 97655
3 492 23279
1 419
1 864
2 708 5970
1 363
2 999 46002
1 152
3 490 70077
1 607
1 873
3 67 27743
1 785
1 368
1 146
1 821
3 955 7894
2 831 38415
3 521 31485
3 813 45106
2 683 37958
3 931 54534
3 763 65448
1 895
1 87
2 65 49834
2 578 54114
3 588 72819
2 592 71010
1 56
3 807 21986
1 31
1 957
2 66 94372
3 204 22216
2 858 43525
3 530 98294
2 473 18242
2 945 58569
2 63 75335
3 177 74903
3 354 17037
2 411 84404
2 600 55043
3 883 81183
3 623 5421
2 957 72748
1 593
1 563
3 159 69739
1 541
2 956 64993
3 101 6340
3 282 59455
1 355
3 221 5013
3 367 33882
3 20 33374
2 52 14698
3 866 11368
2 567 69240
2 723 52217
3 223 56361
2 110 82626
3 535 24605
2 962 32467
1 476
1 62
2 427 23247
3 555 33204
3 171 24627
2 296 78802
3 503 15380
3 231 12590
2 569 73528
1 367
3 972 63583
3 41 36081
1 779
3 572 17840
2 167 9504
2 924 1182
1 970
2 531 13357
2 403 81297
2 277 3148
2 94 91868
2 942 34565
1 831
3 129 50725
1 405
2 564 83498
2 150 61070
3 911 74803
3 732 48824
1 670
1 85
2 395 53944
1 619
2 279 80221
3 989 88654
1 142
1 294
3 655 76520
1 729
3 778 13805
3 557 36894
2 304 12575
2 259 63218
1 83
2 107 39892
3 415 3303
3 200 54957
1 678
1 976
3 163 74977
3 445 74564
1 3
2 407 24276
2 462 40867
2 411 37856
2 799 60711
2 926 84815
2 112 2833
3 940 16097
2 248 12838
3 311 75132
3 490 52578
1 373
1 934
3 246 97323
2 900 79067
1 224
2 962 26952
2 555 73385
2 450 81161
2 959 70539
3 307 5868
1 518
3 865 68811
3 136 3499
3 607 4976
1 799
3 732 75808
3 595 67659
3 900 25316
2 619 67079
3 650 75129
2 221 91242
1 897
3 515 5755
2 667 83626
2 978 30658
2 224 18658
2 633 70003
1 532
1 201
2 387 7633
3 38 89440
2 561 49774
3 302 7540
2 696 53475
2 409 69138
1 680
2 327 93574
1 323
3 308 14244
1 32
1 17
3 302 92682
3 245 63089
3 765 72478
3 313 60
1 755
2 129 83902
1 24
1 607
2 212 76075
1 180
1 890
3 127 8428
2 576 50391
2 427 5528
3 120 11656
1 666
1 670
1 723
3 476 6787
2 288 73749
1 584
3 4 25657
3 746 40544
3 110 37781
2 84 29365
1 829
3 871 84346
3 581 77469
1 17
1 647
3 463 77796
1 878
1 749
3 69 93565
3 446 70058
3 418 26541
3 613 13861
3 516 66049
1 981
2 676 2973
3 576 54918
1 630
3 625 20903
1 775
2 586 63854
3 567 34625
2 46 29733
2 841 72093
1 767
3 155 62759
2 160 11860
1 914
3 917 52779
2 92 39199
3 587 44255
3 937 558
3 845 39225
3 939 67857
2 355 97557
1 475
2 24 26975
1 360
1 574
1 147
2 721 97440
3 716 3384
3 307 31985
3 855 44265
2 428 88550
2 127 61503
3 245 28171
2 903 5178
2 259 47205
3 119 98090
3 931 23297
2 106 42250
1 691
3 567 18014
1 500
1 574
2 128 76938
3 391 34456
1 871
1 68
3 422 61406
1 261
1 771
3 588 59640
2 643 80865
3 586 86302
2 253 55466
3 36 7282
3 385 36041
1 534
1 347
1 675
3 517 99031
1 704
2 662 26634
1 815
2 75 82599
3 420 24718
1 5
3 90 59551
2 508 79816
3 243 90825
2 541 15584
1 485
3 872 94969
3 320 57664
1 563
2 871 5812
1 877
3 666 74205
2 586 28789
1 175
2 293 13879
3 320 27628
1 262
1 45
3 506 87317
3 958 40221
3 683 5342
2 927 85923
3 509 86679
3 461 18136
1 95
1 836
1 763
1 632
1 313
1 246
3 877 26883
3 224 93483
3 3 60213
3 639 69913
2 128 2360
3 946 64583
1 93
1 897
2 127 95798
1 861
1 721
1 114
1 632
1 905
3 873 24210
2 762 53471
1 217
2 163 46184
2 803 47715
3 105 12090
3 624 50895
2 176 95012
2 819 39991
2 629 81936
2 834 69730
3 474 94593
2 442 94450
3 638 44323
3 664 26466
1 216
3 457 58005
1 217
1 99
3 635 11334
2 191 55582
2 607 88992
3 247 88241
2 704 442
3 282 48196
1 840
3 790 73520
3 279 18671
2 885 96292
3 569 38735
3 818 6642
2 841 58464
3 550 63825
3 170 43925
1 838
2 113 78314
2 488 20459
1 462
3 318 40855
2 445 64201
1 895
2 100 38652
1 454
3 618 59376
1 947
2 367 81545
3 451 69241
1 978
3 235 3513
2 68 87900
2 162 98590
3 9 75377
1 643
2 106 74821
3 248 33109
2 404 68034
3 270 44560
3 600 69645
3 101 33767
1 380
1 179
1 517
2 280 93641
3 906 88371
2 624 29640
3 903 45546
3 581 82800
1 984
2 229 14599
2 830 7431
2 449 384
2 208 1587
2 91 31412
1 676
3 243 16941
1 431
1 827
1 360
2 47 58400
1 741
1 943
2 820 15063
3 562 34775
1 599
3 798 92533
1 7
1 816
3 224 20260
3 191 89879
2 647 12369
1 860
1 743
3 685 69765
2 715 41478
2 977 22948
3 693 83854
1 904
2 970 67869
3 227 89818
3 747 33660
3 882 6606
1 545
1 972
2 928 37475
2 699 20960
3 730 90793
1 983
1 719
1 274
2 451 90755
1 127
2 79 82865
2 801 83360
1 62
1 240
3 658 86735
2 636 51626
1 919
2 509 49661
3 781 10885
1 392
1 104
3 761 9242
2 179 28206
1 274
3 844 20976
1 461
1 968
1 307
3 429 77167
1 537
3 901 58165
1 182
1 664
2 495 69236
3 97 10596
2 46 4997
3 329 2980
3 847 43964
2 248 25285
3 449 89586
3 687 68036
3 228 56616
3 127 390
1 595
2 297 35372
3 388 63036
3 490 10044
2 282 89050
3 389 74735
1 381
2 321 43850
1 820
3 456 67204
1 944
2 231 46752
2 247 44772
3 166 32674
2 750 5768
2 882 66091
1 257
3 821 53852
2 986 72145
1 913
2 987 91796
2 348 96669
3 579 99191
2 656 86016
2 600 98943
1 963
1 750
3 245 18957
3 32 88800
3 34 27905
3 482 54896
2 177 61733
3 190 52660
2 511 29476
3 197 77499
3 114 67719
2 303 67134
3 193 15027
3 491 71959
1 362
2 987 10748
1 44
1 107
1 735
1 323
1 157
2 926 94545
3 299 89218
1 290
3 245 97083
2 117 11974
1 670
1 370
1 912
2 308 41323
2 146 87435
1 626
1 841
1 393
2 509 74672
1 960
1 282
2 889 74040
1 425
2 269 83862
2 963 83103
2 652 92683
1 215
3 154 20445
1 307
1 902
1 33
3 680 26489
2 354 57739
3 631 14812
3 643 62214
1 672
3 965 78148
3 144 36107
2 306 84336
1 992
2 745 83995
1 765
3 76 99759
3 500 85442
3 69 57131
3 864 98985
1 457
3 751 4013
3 117 64831
3 650 22997
1 706
2 579 25613
2 427 88412
3 317 34127
3 158 51931
1 336
3 923 10274
2 767 2286
3 822 61903
2 386 289
3 860 7947
3 614 81391
1 325
2 522 1738
1 297
2 962 49483
1 684
2 289 14396
3 611 66068
3 873 9437
3 690 76756
2 30 11360
3 784 57226
3 59 74295
2 331 58525
3 708 22553
3 483 24492
1 389
1 908
3 671 19086
1 339
1 280
3 671 72889
3 131 64196
1 911
3 406 3293
1 290
2 429 85968
2 512 54191
1 674
1 486
1 821
3 582 87372
3 525 63004
1 601
2 273 14992
1 911
1 863
3 134 25014
1 147
1 453
2 984 71599
2 337 22325
2 498 43795
1 417
3 442 20956
1 847
2 912 36379
2 673 68271
3 181 18887
1 916
2 661 21882
2 507 34989
3 202 35069
3 246 46009
1 197
3 325 82901
2 567 86348
3 630 28686
2 499 55284
2 252 11597
1 317
3 872 72819
1 425
3 720 79334
3 31 31296
2 431 39570
3 758 98557
2 796 89227
2 30 26147
3 395 58919
3 446 57155
1 212
3 734 88411
3 609 44741
3 992 58703
3 868 46140
2 730 98425
1 526
3 391 55335
2 127 7766
1 617
1 533
1 220
2 748 78789
1 386
2 554 54912
1 441
2 285 15297
3 951 99245
2 898 70132
1 488
2 354 23479
1 524
1 418
3 87 18906
2 881 21809
3 591 53893
1 14
2 173 45810
2 978 28611
3 974 3778
2 521 93568
3 560 10042
3 658 14583
1 811
3 337 98986
3 10 5499
3 470 45560
3 933 58314
1 194
2 194 95935
1 852
1 970
2 810 14944
2 871 47353
3 570 98709
3 307 14579
1 303
3 716 259
2 6 3821
2 467 77747
1 560
3 17 23045
1 397
2 704 70911
3 357 21586
2 504 36182
3 256 31622
3 721 97437
1 551
3 205 6055
3 978 26500
1 460
2 276 74510
3 123 91313
1 809
2 977 8989
3 603 66342
2 290 1687
1 621
1 220
2 147 53083
3 686 3617
1 508
2 547 67463
2 91 19296
2 421 23436
3 503 25937
2 314 74740
3 724 72609
1 456
3 948 49854
3 880 10787
3 857 93699
2 979 2497
2 957 91191
2 174 9399
2 487 43684
3 555 54266
2 559 79623
3 973 68535
2 61 51164
3 768 37604
3 410 4251
3 807 52386
3 757 33809
2 138 20366
2 701 67949
3 935 26060
3 812 28309
3 212 53221
2 967 66839
1 843
2 903 49069
2 848 45653
1 266
2 304 6200
2 376 89203
2 462 59295
3 761 89077
3 932 84547
1 572
2 41 94966
1 113
3 706 46965
3 837 53937
3 18 49990
2 839 38059
1 479
3 765 48415
3 90 27825
1 6
1 503
1 501
2 291 23606
3 107 92416
1 325
2 384 78165
1 146
2 579 99087
1 117
2 889 12735
3 47 30556
2 904 33588
1 822
1 959
2 122 81533
1 490
2 859 57912
1 815
2 708 98774
1 401
1 642
3 247 71858
3 879 95226
1 70
2 792 71952
1 492
3 4 37756
1 783
1 187
3 861 72421
1 97
1 49
2 586 96510
1 629
2 177 80693
3 26 73068
3 562 72840
1 856
2 41 89697
1 502
3 61 51758
3 28 57718
1 817
1 553
3 380 73722
2 278 41722
3 776 68379
1 96
2 10 41960
3 347 70791
3 991 19628
1 468
1 246
1 607
3 608 50075
1 521
1 258
3 868 6090
1 300
3 174 35224
1 307
3 245 55511
2 194 53756
1 686
2 414 52256
2 711 16689
3 106 34566
2 83 45901
3 522 93951
2 371 74723
2 801 87299
2 646 95341
2 447 99616
3 225 31088
1 786
3 103 19165
