217 912
4 5 2 1 4 3 1 7 6 6 1 9 0 4 2 0 2 10 2 6 6 10 4 0 9 5 5 6 10 0 6 4 0 6 8 5 2 0 7 9 5 3 6 3 3 9 9 1 3 1 2 2 3 8 3 6 3 9 6 10 0 9 1 9 4 4 9 0 0 7 4 9 3 0 10 7 0 10 10 7 2 8 0 7 7 9 9 1 6 6 5 4 3 8 2 4 5 3 1 10 0 1 8 7 2 6 7 0 8 9 9 4 6 5 7 0 6 2 4 8 8 1 4 1 8 10 0 10 7 8 0 3 9 0 8 0 7 0 0 8 8 1 7 4 8 9 8 9 2 6 7 2 4 9 1 0 5 8 4 0 8 2 4 2 9 6 0 5 4 7 8 1 8 2 9 7 1 9 1 9 8 10 9 2 7 1 0 5 2 6 2 8 1 9 5 4 8 10 1 4 9 8 9 4 0 6 5 2 4 9 9 6 6 0 5 2 5
5 3 5 3 1 5 7 9 2 7 8 3 1 7 1 5 8 2 7 2 1 8 7 9 9 8 1 8 1 3 3 10 0 1 9 10 1 2 6 3 0 9 10 3 5 1 10 1 2 0 0 10 2 2 10 8 5 8 3 2 10 4 0 3 10 5 1 3 0 8 2 1 0 0 10 2 0 5 8 7 8 7 4 1 8 9 9 10 0 5 1 8 8 5 10 10 5 10 7 8 4 7 8 9 8 4 5 7 1 8 7 9 10 1 5 10 0 3 5 9 9 2 7 3 9 10 8 1 4 10 3 1 10 10 4 10 9 6 3 8 2 8 2 1 9 7 5 4 4 7 10 2 3 2 9 5 9 2 10 5 5 8 9 2 3 8 7 2 7 5 2 10 10 9 1 9 8 5 10 9 10 0 7 3 4 10 4 7 4 7 4 5 10 1 7 9 1 10 0 2 7 8 0 3 10 6 6 10 9 5 0 5 0 7 8 6 9
2 155
1 74 121
1 60 159
1 46 179
2 26
2 118
2 124
1 77 180
1 179 201
2 65
2 150
1 19 110
1 16 17
2 53
2 157
1 120 127
2 144
1 36 147
2 177
1 29 96
1 96 188
2 63
1 97 110
1 79 118
1 71 147
2 84
2 92
2 63
1 44 152
2 41
2 140
1 116 129
2 184
2 62
2 177
2 60
1 183 195
2 141
1 41 210
2 166
2 3
2 216
2 106
2 105
1 133 196
2 145
1 23 179
2 173
1 8 105
1 10 200
2 37
1 152 210
2 124
2 125
2 44
2 213
2 9
2 144
2 94
1 95 152
2 209
1 99 119
2 167
1 126 143
1 96 179
2 25
1 27 171
1 36 99
1 56 172
2 140
1 23 132
1 89 133
1 126 203
1 204 213
1 86 141
1 98 123
1 50 72
1 120 129
1 136 188
2 148
1 62 198
1 69 176
2 25
1 159 171
2 69
2 32
2 9
1 12 188
2 17
1 103 208
1 108 213
2 73
2 66
2 162
1 15 19
1 12 87
2 147
2 121
2 20
2 6
2 106
2 102
2 61
2 110
2 178
1 77 209
2 90
2 202
1 39 150
2 73
1 138 189
2 177
2 117
1 23 184
2 142
1 139 174
1 99 215
2 28
1 126 177
1 124 154
2 156
1 126 142
1 155 214
2 29
1 178 182
2 85
1 40 51
1 3 106
2 183
2 183
1 13 98
1 13 186
1 105 137
1 48 100
2 77
1 171 183
2 26
2 190
1 200 212
1 43 158
2 12
1 64 196
2 26
1 115 194
2 211
1 35 100
1 86 163
2 79
2 178
1 35 58
1 5 206
2 35
2 117
2 86
1 16 100
1 60 159
2 165
1 18 104
2 158
2 18
2 31
2 71
2 182
1 22 47
2 196
1 55 195
1 12 203
2 145
2 214
1 137 163
1 13 190
2 95
1 75 177
2 111
1 30 130
1 195 209
1 27 131
1 45 168
2 173
2 113
1 18 146
1 2 91
1 6 174
1 49 141
1 28 57
1 133 182
1 105 186
2 208
2 65
2 97
2 197
1 141 151
1 27 90
2 84
2 63
1 11 216
2 83
1 41 192
1 84 123
1 58 157
2 165
1 127 128
2 166
2 178
2 203
1 126 174
1 28 48
2 44
1 66 66
2 156
2 171
1 111 178
2 198
2 63
1 78 106
2 66
1 50 117
1 103 163
2 202
2 69
1 17 128
2 44
2 7
1 97 195
2 29
2 216
1 47 193
2 37
1 4 188
1 30 168
2 51
2 132
1 123 197
1 138 185
1 83 137
2 4
2 32
2 100
1 30 73
1 83 128
2 73
2 38
2 143
1 151 196
2 80
2 206
2 169
2 167
1 130 185
2 192
1 50 115
1 18 88
2 214
2 77
1 16 56
1 30 212
1 44 55
1 196 202
1 69 75
2 99
1 26 53
1 64 191
2 36
2 15
1 27 175
2 65
1 1 57
1 87 120
1 2 68
1 142 188
1 142 203
2 77
1 8 147
1 58 74
2 205
1 172 196
2 110
2 46
1 64 156
1 111 111
2 113
2 152
2 177
2 95
2 2
1 85 137
2 155
1 87 163
2 115
1 168 185
1 131 147
2 31
1 6 213
1 124 193
2 144
2 181
1 35 159
2 144
2 21
2 162
2 55
1 40 118
2 60
1 45 91
1 75 122
1 101 140
2 117
2 126
2 202
2 39
1 44 195
1 53 120
1 137 156
2 185
1 186 212
1 70 125
1 16 131
1 159 163
2 73
2 94
1 70 107
1 16 175
1 32 92
1 168 212
1 105 149
2 102
2 117
1 34 112
1 12 176
1 192 200
2 214
2 171
2 148
2 119
1 40 61
1 5 68
2 208
2 16
2 81
2 176
2 137
1 2 129
2 77
2 144
2 145
2 55
1 85 155
2 70
2 75
1 126 181
2 157
1 95 202
1 50 205
2 5
1 63 119
2 3
2 208
1 172 208
1 126 136
2 174
2 42
2 96
1 19 113
2 173
1 81 112
2 65
1 151 180
1 196 214
2 15
2 117
2 12
1 29 150
1 9 62
2 43
1 19 175
1 24 24
2 63
1 111 193
1 111 217
1 80 186
1 68 94
2 199
2 204
1 5 178
2 59
1 22 179
1 23 153
2 198
1 3 18
2 6
2 157
1 64 213
2 8
2 200
2 173
1 123 139
1 26 44
1 40 177
2 117
2 54
2 119
2 138
2 7
2 98
2 201
2 104
2 6
1 131 186
1 33 156
1 77 133
1 65 91
1 126 130
1 27 203
1 194 194
1 139 161
2 166
2 175
1 122 142
1 5 85
1 24 141
2 215
2 81
2 127
1 121 126
2 39
1 169 215
2 27
1 128 173
1 101 148
1 84 96
2 50
1 80 155
2 23
1 31 108
1 74 100
2 159
2 196
2 38
1 140 160
2 177
1 98 186
2 138
2 133
1 77 139
1 41 77
1 45 203
1 122 138
1 17 32
2 153
2 181
2 26
2 124
2 26
2 69
1 107 120
2 133
2 208
1 92 197
2 111
2 115
1 24 42
2 85
1 55 55
2 111
2 138
2 177
2 151
1 87 161
1 36 184
1 94 96
1 90 95
2 143
1 117 196
1 209 215
1 110 145
1 86 138
1 88 100
1 66 99
2 164
1 97 196
1 61 181
1 104 128
2 216
1 21 41
2 12
2 174
1 7 214
2 35
1 91 122
2 26
1 1 89
2 176
1 60 115
1 9 11
2 80
2 23
1 26 42
2 76
2 116
1 26 78
2 217
2 190
2 26
1 53 140
2 47
1 102 183
1 142 172
1 94 125
2 103
2 117
1 117 188
1 195 198
2 178
2 185
2 132
1 45 117
1 157 205
1 39 69
1 25 207
2 193
1 13 93
1 36 174
2 117
1 29 172
1 42 187
1 31 212
2 57
2 217
1 5 195
2 170
1 87 172
1 111 179
2 159
2 93
2 189
1 172 208
1 8 200
2 52
2 88
2 5
2 104
1 122 168
1 104 179
1 185 192
2 61
2 153
1 82 200
1 61 91
2 58
1 65 180
1 41 44
2 217
2 4
1 31 119
1 47 52
1 13 86
1 185 207
1 143 145
1 18 109
1 93 133
1 35 66
1 81 132
2 180
1 137 167
1 80 181
2 129
1 111 179
1 175 213
2 50
2 154
2 150
1 159 173
2 19
1 101 185
1 114 165
2 200
2 94
2 122
2 117
1 17 210
1 85 113
1 10 72
1 49 171
1 60 155
1 151 200
2 76
1 41 134
1 21 136
2 135
2 27
1 92 102
2 98
2 67
1 32 202
2 148
1 54 125
1 6 217
1 166 213
1 76 105
1 25 66
1 7 21
1 3 143
2 107
2 196
1 41 135
2 144
2 82
2 41
1 55 114
2 159
1 153 191
2 112
1 26 178
2 33
2 45
2 9
2 11
2 22
2 68
1 41 42
1 83 122
2 173
2 125
2 4
2 3
2 100
1 124 160
2 165
2 5
2 22
2 26
1 79 177
2 104
1 23 116
1 55 126
1 32 191
1 81 155
1 106 134
2 16
1 23 49
1 49 93
1 51 203
1 171 214
1 84 197
2 79
2 108
2 124
1 58 173
1 38 141
2 199
1 108 115
2 152
1 56 109
1 27 84
1 20 191
1 86 200
2 118
1 10 36
1 101 206
2 106
1 48 89
2 75
2 16
2 217
2 86
1 96 177
2 25
2 14
2 182
1 60 93
1 44 94
2 157
1 87 169
1 124 140
2 189
2 93
1 10 181
2 174
2 26
1 201 216
1 13 58
2 56
1 5 209
2 145
2 51
1 3 87
1 15 52
1 129 180
1 142 204
2 112
1 114 174
1 93 108
1 136 160
2 6
2 212
1 117 158
2 113
2 130
2 20
1 183 191
2 21
2 48
1 103 180
1 128 132
2 92
1 52 116
2 97
2 178
2 16
2 186
2 208
1 60 110
1 24 171
2 52
1 9 145
1 47 118
2 134
2 139
2 111
1 101 103
1 43 76
2 167
2 195
1 14 148
1 66 95
2 71
1 10 112
2 148
1 55 95
2 11
2 6
1 36 62
1 74 103
1 94 133
2 34
1 55 114
1 15 42
2 80
1 97 185
1 43 183
1 121 136
1 136 137
2 188
2 189
1 112 161
1 28 215
2 115
2 35
1 109 110
2 146
1 103 164
2 33
1 123 162
2 163
2 169
1 36 200
2 188
1 54 133
2 173
1 90 123
1 25 149
2 61
1 94 171
2 146
2 153
1 14 81
2 126
2 201
1 91 154
1 114 135
1 84 213
1 172 195
2 180
2 61
2 51
1 109 132
2 85
1 26 75
2 41
2 203
1 70 187
2 46
2 121
2 176
1 70 145
1 59 67
2 102
1 195 213
1 46 160
2 116
2 142
2 92
1 106 138
1 5 71
1 110 190
2 149
2 159
2 161
2 29
2 129
1 32 205
1 61 184
1 166 188
2 187
2 74
1 94 109
2 154
1 78 103
2 61
1 31 117
1 79 174
1 63 194
2 209
2 203
1 62 71
2 89
1 23 137
2 179
2 2
1 49 113
2 140
1 49 206
1 39 197
2 137
2 100
1 81 110
2 40
2 213
2 68
1 116 132
2 211
2 144
2 40
2 182
2 192
1 48 89
2 48
1 163 179
2 87
1 64 173
2 148
2 3
2 100
2 83
1 148 179
2 153
1 15 115
2 21
2 158
1 90 162
2 114
1 38 81
1 101 130
2 108
1 100 162
1 58 90
1 20 77
2 6
2 39
1 125 180
2 217
2 128
1 43 114
1 84 170
2 37
1 30 209
2 132
2 194
2 114
1 30 56
2 110
2 90
1 20 24
2 74
2 183
1 2 139
2 44
2 58
2 90
2 94
2 123
2 102
2 170
1 55 119
2 103
1 144 157
2 207
1 17 185
2 43
2 37
1 25 52
1 14 15
2 153
1 81 192
1 53 84
1 43 170
1 98 191
2 135
1 137 172
1 19 194
1 17 52
2 115
2 54
1 158 180
1 116 135
2 107
1 31 160
1 126 166
1 54 62
2 202
1 45 105
2 216
