40 40
797 389 897 435 360 493 380 432 199 808 824 614 564 254 748 865 618 739 859 11 651 373 340 130 41 77 804 535 740 444 600 753 940 297 821 257 320 744 179 430 
510 948 242 764 499 8 515 513 157 875 850 72 127 234 363 346 949 827 499 473 393 807 263 782 901 942 739 334 906 98 108 257 152 93 398 980 23 484 798 879 
70 641 639 376 586 299 87 1 761 121 255 368 670 415 582 974 992 423 392 699 55 315 78 208 127 290 501 828 856 410 531 579 380 69 855 451 259 759 737 385 
340 863 554 972 509 508 493 16 108 170 301 911 599 948 857 794 857 532 606 710 222 73 884 373 161 65 676 193 419 759 232 233 135 830 955 333 652 119 322 508 
35 327 299 201 177 37 213 977 119 682 473 624 848 482 648 5 603 706 357 99 538 539 884 497 714 510 794 636 812 304 863 339 907 143 298 331 167 949 307 700 
41 781 15 636 664 740 79 435 787 715 162 727 128 58 933 345 301 958 720 359 437 910 67 307 981 810 448 892 679 773 227 355 870 973 383 177 636 904 362 71 
913 682 436 238 901 68 620 161 935 943 924 583 710 505 814 661 633 855 287 843 794 924 755 550 512 113 809 207 469 358 72 305 533 143 602 856 840 578 504 9 
314 104 911 988 321 219 449 169 590 519 590 210 864 539 605 341 917 394 838 358 835 205 18 210 86 739 861 406 898 924 914 705 484 490 263 551 228 969 707 512 
238 913 982 384 977 546 648 1000 462 183 557 22 141 645 398 72 829 54 187 310 299 625 336 745 614 21 342 150 592 398 252 816 543 22 862 285 724 432 220 551 
875 257 598 959 837 832 342 933 211 775 942 58 467 66 885 609 224 560 52 659 309 704 213 731 594 774 710 969 130 405 50 395 236 263 673 529 569 475 210 743 
493 767 958 736 98 350 438 457 953 75 375 621 546 879 877 815 599 968 782 324 795 234 97 986 744 26 271 620 490 545 984 440 830 533 913 498 392 606 501 434 
867 712 841 643 209 636 692 614 885 44 647 535 519 175 178 157 257 9 727 792 256 567 578 174 957 986 569 631 748 754 505 898 540 252 57 863 936 247 571 118 
902 387 952 920 838 43 339 261 213 549 617 365 491 560 136 779 33 909 157 183 607 505 578 659 277 890 640 856 104 7 817 537 216 717 122 96 24 911 558 328 
637 926 134 28 90 794 192 70 35 263 294 874 609 524 545 507 662 688 285 422 593 469 966 294 516 697 659 48 388 875 203 376 745 523 477 67 151 637 444 79 
827 648 371 183 666 338 621 380 935 118 232 33 19 208 947 261 74 864 845 822 443 54 640 868 800 669 463 835 808 642 51 286 393 303 92 960 657 195 718 268 
223 829 570 457 502 593 615 526 818 930 40 300 437 592 327 715 492 795 378 517 398 457 870 155 837 877 169 420 736 601 445 309 471 109 625 294 129 16 522 161 
259 245 378 496 658 658 487 47 91 510 128 896 296 449 380 830 846 425 467 540 21 154 336 622 280 349 576 512 261 356 148 918 334 268 77 420 826 444 969 743 
990 61 160 587 80 315 293 671 301 876 785 966 137 638 554 543 831 885 140 375 226 53 134 533 28 933 665 750 932 933 548 827 933 337 467 808 60 471 945 790 
362 565 844 107 444 166 256 88 735 695 583 283 856 804 815 654 979 745 676 232 473 830 464 843 88 402 584 70 358 891 673 443 845 5 67 507 806 642 764 25 
415 392 480 396 950 329 456 217 947 919 264 673 913 166 885 15 438 191 127 20 756 810 436 638 454 811 262 775 286 689 557 802 414 3 719 547 118 907 15 71 
278 776 356 713 988 462 604 783 88 817 257 604 310 482 890 600 476 777 245 117 757 723 44 851 397 190 501 94 862 771 614 510 738 43 657 128 634 798 412 35 
30 727 677 365 350 956 388 231 89 100 145 574 291 954 863 284 452 257 33 999 263 480 533 583 144 625 718 222 826 509 262 411 608 850 171 447 402 767 441 956 
51 86 169 251 696 843 513 733 947 685 139 820 601 851 514 787 736 297 635 667 742 419 729 695 286 449 67 58 500 243 489 576 547 751 533 619 52 649 487 975 
906 594 420 183 428 492 231 297 106 476 48 967 828 681 157 960 416 965 470 7 410 506 669 410 344 446 302 445 174 346 139 768 8 207 19 79 727 498 516 808 
430 754 910 458 501 935 514 188 165 245 563 932 941 930 276 993 796 700 82 403 80 774 52 625 214 229 392 795 291 758 895 162 539 362 484 308 681 612 465 581 
126 778 611 538 564 915 302 543 445 449 28 156 592 958 738 435 677 931 76 221 880 951 826 950 387 173 810 518 791 169 833 321 243 924 884 665 561 118 668 723 
884 36 601 808 735 18 870 372 898 298 613 844 990 246 924 979 508 466 9 454 992 318 138 506 44 218 504 450 410 754 221 485 129 141 811 454 37 25 815 294 
736 649 398 984 853 602 502 739 327 394 512 782 413 793 597 750 712 605 831 627 864 297 969 388 244 925 977 96 761 380 333 272 398 17 596 25 973 772 567 701 
387 52 527 764 452 893 585 351 785 132 839 998 411 472 152 282 253 652 500 29 677 506 184 825 979 306 457 719 53 227 287 553 354 641 343 498 245 400 406 820 
917 560 818 497 507 801 867 694 691 225 787 150 519 548 985 459 232 291 4 650 606 536 990 663 242 537 791 446 666 123 292 117 117 984 296 590 112 596 209 369 
56 957 326 185 296 977 584 125 189 693 574 698 40 219 469 151 420 755 15 602 553 661 172 953 281 445 647 108 457 657 899 265 658 335 149 463 984 522 987 223 
74 335 581 879 339 123 675 818 680 719 936 861 556 103 901 186 425 855 329 482 975 807 120 791 929 720 137 608 830 935 364 137 694 986 987 506 455 585 257 446 
630 727 89 879 753 864 728 191 148 301 269 442 602 430 216 571 191 880 641 149 52 991 346 699 747 517 528 257 307 732 789 732 766 248 482 215 497 849 900 24 
475 208 548 315 546 399 995 446 115 686 165 140 600 723 726 957 743 745 18 645 88 949 9 660 703 397 508 727 107 985 521 726 478 247 485 797 215 378 658 470 
492 258 918 6 931 954 990 175 387 590 819 247 958 179 349 359 642 692 797 638 177 993 159 783 885 891 480 880 288 54 100 380 235 750 259 468 5 533 788 65 
431 147 371 470 349 855 400 939 207 757 832 700 497 81 79 132 312 323 477 388 414 604 377 433 376 791 788 613 750 331 464 556 50 920 888 89 893 432 985 498 
838 929 402 802 668 16 704 693 959 832 733 49 513 299 242 28 299 656 418 128 365 245 753 790 6 519 668 714 261 928 787 811 631 648 541 430 722 55 618 67 
145 417 47 584 473 596 910 316 507 718 372 999 252 659 391 360 409 725 15 16 95 76 715 637 497 761 664 601 195 781 638 372 311 647 532 847 918 814 221 667 
394 532 954 345 849 284 970 843 796 501 79 498 769 174 611 650 541 293 195 467 894 267 203 106 17 802 378 527 743 458 944 128 702 56 245 46 797 88 83 493 
519 909 558 34 164 542 707 809 916 603 103 477 597 72 217 819 943 33 19 913 814 896 845 962 296 890 635 653 776 528 177 320 818 421 459 559 895 755 697 986 
1
26 21

