797 389 389 389 360 360 360 360 199 199 199 199 199 199 199 199 199 199 199 11 11 
510 389 242 242 242 8 8 8 8 8 8 8 8 8 8 8 8 8 8 8 8 
70 70 70 70 70 8 8 1 1 1 1 1 1 1 1 1 1 1 1 1 1 
70 70 70 70 70 8 8 1 1 1 1 1 1 1 1 1 1 1 1 1 1 
35 35 35 35 35 8 8 1 1 1 1 1 1 1 1 1 1 1 1 1 1 
35 35 15 15 15 8 8 1 1 1 1 1 1 1 1 1 1 1 1 1 1 
35 35 15 15 15 8 8 1 1 1 1 1 1 1 1 1 1 1 1 1 1 
35 35 15 15 15 8 8 1 1 1 1 1 1 1 1 1 1 1 1 1 1 
35 35 15 15 15 8 8 1 1 1 1 1 1 1 1 1 1 1 1 1 1 
35 35 15 15 15 8 8 1 1 1 1 1 1 1 1 1 1 1 1 1 1 
35 35 15 15 15 8 8 1 1 1 1 1 1 1 1 1 1 1 1 1 1 
35 35 15 15 15 8 8 1 1 1 1 1 1 1 1 1 1 1 1 1 1 
35 35 15 15 15 8 8 1 1 1 1 1 1 1 1 1 1 1 1 1 1 
35 35 15 15 15 8 8 1 1 1 1 1 1 1 1 1 1 1 1 1 1 
35 35 15 15 15 8 8 1 1 1 1 1 1 1 1 1 1 1 1 1 1 
35 35 15 15 15 8 8 1 1 1 1 1 1 1 1 1 1 1 1 1 1 
35 35 15 15 15 8 8 1 1 1 1 1 1 1 1 1 1 1 1 1 1 
35 35 15 15 15 8 8 1 1 1 1 1 1 1 1 1 1 1 1 1 1 
35 35 15 15 15 8 8 1 1 1 1 1 1 1 1 1 1 1 1 1 1 
35 35 15 15 15 8 8 1 1 1 1 1 1 1 1 1 1 1 1 1 1 
35 35 15 15 15 8 8 1 1 1 1 1 1 1 1 1 1 1 1 1 1 
30 30 15 15 15 8 8 1 1 1 1 1 1 1 1 1 1 1 1 1 1 
30 30 15 15 15 8 8 1 1 1 1 1 1 1 1 1 1 1 1 1 1 
30 30 15 15 15 8 8 1 1 1 1 1 1 1 1 1 1 1 1 1 1 
30 30 15 15 15 8 8 1 1 1 1 1 1 1 1 1 1 1 1 1 1 
30 30 15 15 15 8 8 1 1 1 1 1 1 1 1 1 1 1 1 1 1 

1 1 1 1 1 1 1 1 5 5 5 5 5 3 3 3 3 3 3 3 
1 1 1 1 1 1 1 1 5 5 5 5 5 3 3 3 3 3 3 3 
1 1 1 1 1 1 1 1 5 5 5 5 5 3 3 3 3 3 3 3 
5 5 5 5 5 5 5 5 5 5 5 5 5 3 3 3 3 3 3 3 
4 4 4 4 4 4 4 4 4 4 4 4 4 3 3 3 3 3 3 3 
4 4 4 4 4 4 4 4 4 4 4 4 4 3 3 3 3 3 3 3 
4 4 4 4 4 4 4 4 4 4 4 4 4 3 3 3 3 3 3 3 
4 4 4 4 4 4 4 4 4 4 4 4 4 3 3 3 3 3 3 3 
4 4 4 4 4 4 4 4 4 4 4 4 4 3 3 3 3 3 3 3 
4 4 4 4 4 4 4 4 4 4 4 4 4 3 3 3 3 3 3 3 
4 4 4 4 4 4 4 4 4 4 4 4 4 3 3 3 3 3 3 3 
4 4 4 4 4 4 4 4 4 4 4 4 4 3 3 3 3 3 3 3 
4 4 4 4 4 4 4 4 4 4 4 4 4 3 3 3 3 3 3 3 
4 4 4 4 4 4 4 4 4 4 4 4 4 3 3 3 3 3 3 3 
4 4 4 4 4 4 4 4 4 4 4 4 4 3 3 3 3 3 3 3 
267154
