100
15 18
18 15
28 1
4 9
18 12
12 8
2 28
17 2
17 13
19 26
7 25
16 14
10 4
14 17
28 27
7 13
15 22
28 23
6 24
2 12
2 25
16 16
3 18
15 21
14 22
24 20
5 20
14 13
8 9
26 2
7 7
3 9
11 27
8 27
13 8
17 23
28 30
1 4
30 13
18 6
13 3
17 7
16 24
7 18
15 24
11 15
19 10
7 29
22 30
13 6
29 11
19 7
3 12
29 8
2 24
28 14
7 6
7 3
11 20
4 1
21 2
27 4
8 12
21 17
19 22
8 21
13 4
20 20
1 28
14 6
27 18
7 28
14 28
28 3
18 8
30 1
24 17
13 22
3 11
15 12
24 6
16 5
20 1
30 11
13 13
5 4
14 25
3 10
25 7
8 18
13 27
2 18
19 9
11 6
10 2
16 21
1 9
14 8
5 29
26 24