50 100 44 37
1 35 5
1 22 2
1 27 3
1 19 2
1 20 5
1 15 2
2 49 5
2 46 5
2 3 3
3 41 2
3 50 2
3 6 5
3 50 4
3 25 1
3 23 5
3 10 1
3 12 4
4 29 1
4 25 2
4 27 1
4 21 4
4 6 3
4 50 4
5 40 1
5 22 4
5 50 3
5 26 4
6 10 3
6 20 5
6 29 5
6 11 4
6 8 1
7 21 4
7 36 3
7 25 4
8 27 4
8 47 3
9 45 1
9 14 1
10 27 2
11 48 3
11 13 4
12 46 5
12 49 1
13 19 5
13 29 3
14 24 1
14 41 3
14 15 2
15 49 5
15 42 3
16 23 4
16 18 2
16 31 1
17 42 5
17 22 4
17 21 2
17 47 3
17 38 5
18 47 1
18 27 3
18 30 4
18 28 5
19 38 5
19 29 5
20 30 4
21 46 3
22 29 4
22 27 2
22 38 5
23 33 2
23 44 2
24 37 5
24 45 2
24 30 1
25 30 4
25 43 3
25 50 4
26 28 2
26 45 1
27 34 1
27 41 5
27 42 1
28 29 5
29 29 1
29 40 5
29 40 1
31 43 3
32 43 4
34 45 1
35 42 2
35 40 3
36 43 5
36 39 5
37 44 3
38 50 2
39 50 1
42 47 2
44 50 2
49 49 2
