889 517
4 7 5 10 5 10 3 0 3 7 4 8 3 4 0 10 10 10 0 5 4 5 0 4 4 9 8 2 3 0 7 3 3 7 2 6 0 8 7 7 0 4 0 8 6 0 6 3 2 6 0 7 5 5 1 1 1 4 4 7 3 8 2 2 9 8 10 8 2 6 10 10 3 9 7 7 3 5 6 6 3 3 8 7 3 0 0 8 5 7 8 1 7 4 1 9 7 4 0 8 10 7 5 0 0 3 6 7 7 3 6 10 9 6 0 1 6 1 4 4 9 3 3 3 5 10 9 0 9 7 1 9 8 7 8 1 9 10 8 8 0 2 10 6 9 2 7 8 1 10 10 5 4 2 3 2 0 6 10 3 2 1 3 7 2 8 0 0 0 0 1 2 7 2 3 6 4 4 2 10 0 0 10 7 2 6 4 5 3 5 5 1 0 7 1 3 0 4 6 1 7 9 9 2 5 7 4 6 7 10 2 0 6 3 5 4 8 4 9 2 7 6 3 9 3 6 5 8 4 4 4 7 0 2 0 3 3 4 7 8 2 6 4 2 8 2 6 8 5 0 9 3 2 2 8 2 1 5 0 9 6 1 5 7 2 0 7 1 8 4 4 9 1 0 7 9 4 8 0 7 6 2 8 4 5 6 2 9 4 2 7 7 0 9 6 3 8 1 7 9 6 1 6 3 7 2 9 1 2 6 1 6 10 10 2 9 9 7 10 6 4 4 6 5 1 9 9 4 0 7 2 8 10 8 4 9 0 2 3 4 6 0 8 6 8 2 4 9 10 0 4 1 3 1 8 2 8 4 1 8 5 0 1 6 6 3 10 1 1 9 10 2 7 2 6 2 8 4 4 3 4 8 4 9 1 0 9 1 0 5 9 4 4 8 5 6 5 6 8 10 9 9 1 8 7 8 0 8 7 2 0 7 6 4 7 2 10 2 7 8 1 2 0 9 4 6 2 0 0 8 1 1 2 1 10 0 1 5 10 5 9 0 6 8 3 8 3 8 6 6 2 2 4 10 0 10 2 1 5 6 8 4 3 2 1 7 10 10 9 8 4 2 7 7 3 6 9 8 10 6 4 0 8 8 5 4 3 4 5 9 6 3 0 1 5 1 0 9 7 10 2 5 10 4 9 2 2 8 2 3 6 5 7 0 2 3 6 2 10 4 7 5 6 0 5 10 10 2 5 0 0 4 5 5 3 0 6 4 8 4 2 9 9 2 1 10 7 7 0 3 4 3 3 8 5 0 8 7 5 10 1 5 5 5 6 6 10 3 5 10 4 4 10 8 9 8 5 8 8 2 10 8 10 7 10 1 7 9 0 1 10 9 0 7 2 6 3 7 8 2 0 2 7 5 6 6 8 4 2 10 10 6 9 2 5 9 8 1 0 5 4 4 2 2 4 9 10 1 1 2 3 7 8 2 4 10 7 10 4 3 0 6 6 5 4 1 6 7 2 10 8 10 0 1 7 5 8 6 5 2 6 1 4 7 1 0 7 9 9 0 9 10 6 8 2 2 7 2 2 7 0 9 1 10 0 7 4 2 9 7 6 5 7 9 4 9 10 8 6 3 9 3 7 4 5 7 10 9 1 4 8 6 7 1 5 4 2 9 4 4 4 3 9 10 4 4 8 5 4 0 1 10 8 0 3 8 8 3 10 5 4 2 7 0 2 10 3 10 3 6 7 9 7 8 8 5 7 3 9 10 4 6 7 3 8 2 1 10 0 10 4 8 5 7 10 0 6 1 6 9 2 4 0 8 8 7 6 6 3 2 2 1 4 4 8 9 5 5 6 0 5 8 6 6 2 6 0 8 7 1 10 7 10 1 9 7 3 6 4 9 8 1 9 5 0 7 10 6 9 4 8 4 6 6 5 0 2 7 2 2 5 5 5 0 5 5 4 1 10 1 2 8 3 0 3 0 10 0 5 10 3 0 3 5 6 4 4 6 10 10 2 7 2 2 7 3 10 9 5 6 7 9 4 7 8 10 5 4 4
7 6 10 7 0 10 8 0 4 1 1 4 9 7 3 8 7 7 8 7 1 0 9 9 8 6 8 6 3 2 1 3 4 9 9 0 5 0 0 0 8 9 3 2 0 0 2 4 6 6 1 1 10 8 10 0 2 3 5 5 0 7 0 7 6 0 7 5 6 4 8 5 0 1 6 6 5 8 5 1 3 2 6 1 9 0 3 2 4 2 7 1 6 8 1 4 10 2 1 6 3 5 3 3 5 0 2 1 4 6 1 1 9 1 10 4 4 8 9 4 4 6 3 3 9 10 2 4 9 8 0 7 6 10 1 3 6 1 7 9 10 4 4 10 2 1 0 10 0 6 0 4 4 10 4 6 0 9 2 3 6 10 10 8 2 0 1 0 9 10 6 4 6 4 5 9 1 0 4 5 4 1 2 1 7 1 4 9 1 3 9 10 5 6 5 1 9 1 3 2 2 2 4 10 2 0 10 4 6 3 0 0 1 4 10 9 3 10 4 10 5 8 10 8 10 10 0 7 7 2 10 9 5 9 5 2 2 10 2 10 4 0 8 7 2 8 1 7 10 9 7 0 10 1 3 2 6 5 6 9 10 9 1 1 9 2 9 1 4 4 4 7 10 8 6 9 9 6 7 3 5 2 6 3 10 0 2 1 3 5 5 6 4 0 5 8 10 1 6 0 7 2 4 8 0 6 4 2 7 9 3 2 1 9 3 8 9 8 5 7 0 9 9 7 9 3 4 8 0 10 4 7 0 9 5 2 9 2 2 6 3 5 6 3 1 7 4 8 0 7 6 0 10 4 9 8 9 7 0 0 2 3 8 7 8 8 10 10 7 1 10 8 5 2 10 4 6 2 5 1 8 2 0 0 3 7 6 5 7 0 6 3 3 5 4 4 8 4 3 1 2 2 10 2 3 10 1 2 5 2 5 2 9 2 7 8 3 4 9 3 0 7 8 10 5 3 6 9 5 6 3 2 1 9 2 3 3 2 4 1 1 7 4 7 2 3 7 7 10 8 1 6 7 3 0 10 10 2 8 1 3 0 5 3 9 4 4 3 5 7 8 2 8 2 7 6 1 0 3 2 2 7 9 0 0 6 2 7 10 10 2 4 10 8 4 9 1 7 10 3 1 2 7 10 8 1 6 8 6 2 2 4 0 2 0 0 10 9 9 10 3 10 8 7 10 2 5 1 8 2 3 6 2 7 7 7 3 4 10 0 2 0 10 0 7 8 7 4 9 0 1 10 4 6 2 9 0 5 6 5 8 5 1 2 1 8 0 0 4 1 4 3 9 1 2 9 8 6 9 7 0 6 4 7 9 10 8 1 2 6 3 6 7 6 0 8 7 7 9 1 4 4 6 7 1 3 6 1 8 6 10 9 9 4 3 9 0 7 9 3 0 10 10 2 4 1 5 3 10 1 4 7 8 7 2 2 10 8 1 4 2 0 9 9 6 4 5 4 6 4 9 6 0 2 9 9 10 9 5 0 8 7 10 10 8 7 7 7 2 6 9 9 0 0 8 0 0 5 4 7 9 7 1 9 8 4 9 6 6 10 0 9 7 5 2 10 10 2 5 7 6 10 9 8 8 4 1 4 3 0 8 3 1 9 3 5 0 0 0 4 9 9 8 4 8 4 0 0 9 8 9 3 6 6 5 0 5 8 4 1 6 9 2 8 5 10 3 5 8 4 9 5 6 9 7 3 9 9 8 4 5 2 8 0 3 10 4 3 8 0 1 3 1 3 7 1 1 10 4 9 0 3 1 7 7 2 10 5 10 5 1 3 1 5 3 0 5 2 7 6 8 9 5 0 3 1 4 8 0 2 5 4 10 2 4 1 5 8 10 7 2 2 8 0 0 3 9 10 7 10 7 10 7 5 4 5 2 5 7 5 10 4 10 7 1 5 4 6 7 4 3 3 0 0 9 5 6 8 0 0 8 0 1 0 9 3 6 10 3 5 7 5 9 1 6 2 5 3 0 3 5 0 2 1 10 6 10 1 4
2 271
2 209
1 652 700
1 169 428
1 248 652
1 526 767
1 116 597
1 164 843
2 221
2 127
2 69
2 501
2 39
2 854
2 663
2 170
2 713
1 214 734
1 378 804
1 309 587
2 771
1 89 803
2 528
1 407 800
2 544
1 260 717
1 243 775
2 300
1 247 479
1 91 878
2 625
1 724 837
1 193 444
1 397 553
2 807
1 116 270
2 350
2 394
1 481 680
2 193
2 287
1 91 184
1 64 452
2 675
2 868
1 34 91
1 118 706
1 501 723
1 29 444
1 95 108
2 1
1 301 758
1 791 883
1 162 449
2 615
2 121
1 404 871
1 552 720
1 214 357
2 212
2 481
1 158 359
1 14 465
1 382 455
1 168 743
1 193 424
2 298
1 770 774
2 834
1 45 420
2 321
2 87
1 14 824
1 252 678
2 548
2 394
1 199 629
2 70
1 246 685
1 604 656
1 71 156
2 163
2 538
1 512 663
2 261
2 600
2 774
1 177 458
1 304 437
2 428
2 263
2 596
1 744 865
1 328 830
2 171
2 344
1 332 560
2 230
1 106 172
2 112
2 512
2 760
2 727
2 800
1 719 851
2 260
1 29 449
2 820
1 297 726
1 313 321
1 357 837
2 662
2 286
2 484
2 248
2 767
1 529 649
1 219 864
2 65
2 32
2 673
2 705
2 658
2 241
1 192 795
1 417 580
1 15 147
1 551 753
2 672
2 308
2 451
1 391 677
2 500
1 343 641
1 575 613
2 840
2 221
2 249
2 214
1 378 606
1 125 736
1 323 477
1 385 830
1 88 620
1 555 628
2 700
1 267 678
2 511
2 225
2 265
1 677 866
1 662 721
2 750
1 781 824
2 21
2 651
1 73 77
1 15 101
1 304 313
2 739
1 57 876
1 108 594
1 327 730
1 74 282
1 82 408
2 24
1 258 888
2 92
2 654
2 366
2 8
1 388 572
1 343 615
1 656 731
1 386 813
2 860
2 485
2 45
1 273 279
2 588
1 162 407
2 78
1 523 801
2 176
1 42 397
2 741
1 68 703
1 314 652
1 147 420
2 536
2 683
2 458
1 108 508
2 219
1 514 530
2 550
2 31
2 653
1 473 733
2 237
1 361 782
2 266
1 84 742
1 519 644
2 178
1 149 858
2 882
1 36 495
2 9
1 643 768
2 294
1 575 851
2 534
2 57
2 577
2 672
1 246 585
1 25 882
1 119 639
2 817
2 289
1 286 715
2 588
1 538 876
2 641
1 514 807
2 123
1 191 577
2 131
2 810
2 412
1 149 267
2 375
1 92 124
2 285
1 15 745
2 533
2 864
2 574
2 576
1 627 636
2 594
2 386
2 546
2 337
2 529
2 135
2 694
1 262 419
1 484 792
1 75 189
1 211 463
1 751 801
2 169
1 127 167
1 638 884
1 58 223
2 819
1 422 550
2 671
2 242
1 90 335
1 484 564
1 203 807
2 9
1 334 340
1 79 99
1 40 254
2 258
2 559
1 12 790
2 604
2 708
2 707
1 80 627
2 229
2 423
1 405 642
1 517 872
2 24
1 281 306
1 546 816
2 179
2 219
1 137 698
1 399 639
1 98 469
2 8
1 214 714
1 11 38
1 364 798
2 310
2 667
2 494
1 191 329
2 629
1 5 874
1 541 700
2 744
1 270 327
2 61
2 103
1 115 786
2 456
1 15 659
1 94 756
1 626 805
2 225
2 606
2 442
1 316 535
2 628
1 131 337
1 39 626
1 248 782
1 544 753
2 361
2 388
2 570
2 765
1 448 644
1 61 391
2 557
2 37
2 217
2 730
2 12
1 72 584
2 591
1 192 555
2 86
1 160 384
2 487
2 80
1 130 511
2 162
2 402
1 270 465
2 35
1 320 684
1 427 863
2 119
2 30
2 862
2 852
2 501
1 329 886
1 111 523
2 770
2 511
1 218 686
2 779
1 444 565
2 661
1 47 466
2 721
1 132 159
1 591 748
2 317
1 579 696
1 361 687
1 705 822
1 181 447
2 436
1 223 699
1 533 887
1 228 361
2 102
1 17 818
1 620 741
2 783
2 744
1 96 687
2 466
2 134
2 162
1 480 734
2 65
1 381 550
1 192 530
2 333
1 415 888
2 381
2 775
2 99
1 504 517
2 63
1 741 791
2 684
1 89 481
2 38
2 864
2 341
1 413 781
2 397
1 104 233
2 85
1 28 396
2 241
2 281
1 48 877
1 385 413
1 432 854
2 82
1 100 441
1 647 718
2 263
1 528 647
2 168
1 28 163
2 112
1 138 353
1 522 650
2 473
1 172 456
2 3
2 276
1 671 884
2 707
2 305
2 77
1 553 747
1 187 217
1 212 802
1 136 767
2 546
2 52
2 771
1 272 553
1 229 274
1 74 383
1 136 889
2 820
1 249 831
2 845
1 348 688
2 814
2 534
2 215
1 615 779
2 535
1 184 306
1 485 712
2 741
2 225
1 319 861
2 788
1 65 164
2 793
1 793 795
1 574 876
2 215
2 384
1 28 324
2 95
2 157
1 186 885
1 109 680
2 668
1 226 261
2 632
2 349
1 380 600
1 442 785
2 298
2 493
1 280 758
1 13 375
2 36
1 220 389
2 463
1 578 601
2 20
2 124
1 238 710
1 194 709
2 626
1 218 443
1 46 651
1 592 873
1 220 514
2 547
1 640 728
1 480 770
2 682
1 549 702
2 40
1 481 882
1 324 822
1 144 466
2 187
2 312
2 533
2 542
2 507
2 366
1 225 624
2 733
2 32
1 130 727
2 230
2 136
1 441 565
1 66 451
1 206 606
2 825
1 16 346
2 606
2 40
1 107 520
2 400
1 295 338
1 335 603
2 20
2 788
2 823
2 727
